0.38517738
0.58273762
0.60532347
0.60532347
0.39784656
0.36925182
0.59453771
0.59389482
0.60569907
0.40779489
0.58163869
0.38642112
0.27856863
0.28340499
0.49796947
0.45149627
0.37604852
0.52146604
0.52161251
0.43971077
0.44135490
0.39749324
0.34888732
0.40134061
0.40977897
0.60532347
0.54606726
0.32209189
0.60532347
0.41528509
0.60532347
0.60532347
0.60532347
0.60532347
0.36925182
0.60532347
0.39083373
0.60532347
0.41632321
0.38989024
0.29156591
0.35973876
0.60532347
0.39106819
0.39106819
0.40221797
0.42039935
0.60532347
0.40220154
0.46269299
0.45914560
0.41956917
0.47989875
0.32033660
0.32331946
0.44265745
0.60532347
0.54643302
0.52267860
0.39080101
0.60532347
0.60532347
0.51515652
0.29400982
0.33428267
0.42198131
0.50753184
0.60532347
0.32547207
0.42265095
0.53328881
0.36826646
0.47484583
0.29307765
0.42596019
0.31520456
0.30184120
0.48620808
0.37591753
0.60532347
0.33276574
0.60532347
0.31514061
0.40383030
0.41233908
0.34593558
0.49884682
0.33974003
0.50836056
0.37978672
0.45370372
0.39639432
0.39793664
0.53218405
0.40166469
0.60532347
0.60532347
0.60532347
0.45061853
0.37474341
0.60532347
0.51988499
0.45836616
0.40195506
0.37509055
0.42126127
0.41596332
0.29445500
0.51074391
0.40882018
0.60532347
0.54442301
0.41762651
0.38737481
0.29377223
0.38492957
0.43616007
0.51538704
0.40305937
0.52222945
0.31817354
0.39892158
0.31137306
0.32739399
0.39008391
0.36855741
0.32044068
0.51739448
0.40470692
0.34800650
0.36685865
0.31637166
0.32031662
0.60532347
0.31205022
0.30622349
0.40792548
0.35763539
0.60532347
0.37513875
0.60532347
0.60532347
0.31198918
0.53450951
0.31528816
0.38894713
0.31411604
0.38938312
0.40707402
0.32435620
0.30470747
0.31425348
0.44590387
0.41857320
0.38407313
0.39749176
0.60532347
0.36727201
0.40296635
0.37823002
0.43822177
0.32108387
0.60547590
0.60609494
0.38038274
0.60532347
0.54574809
0.60532347
0.34326437
0.38786030
0.42964353
0.41331506
0.54387187
0.38182359
0.39567440
0.60532347
0.44666590
0.43716312
0.53400768
0.41371989
0.40299633
0.37961765
0.31459494
0.30168515
0.36850927
0.52058596
0.60532347
0.60532347
0.60532347
0.60532347
0.31015888
0.56821894
0.37116759
0.57027945
0.36722139
0.58210718
0.58262680
0.57045815
0.60532347
0.36476772
0.38631806
0.46664004
0.59408991
0.40748123
0.60532347
0.43837605
0.45442973
0.37971962
0.60532347
0.40688165
0.60532347
0.39189340
0.52287476
0.52258764
0.30440341
0.60532347
0.41221471
0.39586282
0.59386458
0.49801790
0.60532347
0.44804874
0.60532347
0.47272238
0.31001763
0.60532347
0.33474199
0.37875001
0.38030890
0.37613676
0.36924140
0.60532347
0.45793047
0.60532347
0.42823824
0.41494340
0.60532347
0.46289272
0.52147319
0.60532347
0.60532347
0.37785510
0.60532347
0.39185129
0.41058391
0.53324343
0.60532347
0.33992920
0.38903379
0.50277386
0.38685887
0.39091897
0.40313066
0.37916179
0.43675141
0.36690365
0.31431246
0.49875567
0.41018138
0.36761989
0.40895248
0.45120000
0.43876746
0.38021763
0.45049440
0.60532347
0.41467511
0.54304637
0.52115189
0.34807243
0.40076691
0.37757776
0.41347671
0.42409176
0.47419914
0.42175037
0.39411852
0.43575100
0.60532347
0.60532347
0.35789196
0.44755560
0.42248265
0.60532347
0.37827722
0.35837879
0.36915099
0.60532347
0.32204203
0.32311632
0.32212029
0.40725280
0.60532347
0.60532347
0.60532347
0.47830767
0.37794728
0.33393926
0.34686949
0.40221797
0.46287996
0.34718998
0.52042102
0.53465407
0.60532347
0.38073060
0.27633125
0.43876884
0.36664166
0.36532894
0.60532347
0.41346189
0.43515857
0.42431998
0.45953327
0.41268248
0.46515444
0.38792794
0.46093008
0.39648156
0.34739919
0.42841959
0.34659460
0.42292792
0.54679447
0.60532347
0.55848051
0.40555269
0.60532347
0.60532347
0.54700058
0.56876676
0.41596332
0.38047137
0.39118645
0.53357385
0.32456592
0.60532347
0.30851204
0.38552823
0.40322386
0.60532347
0.60532347
0.47990160
0.47595551
0.44347986
0.42351758
0.60532347
0.52204890
0.29459556
0.29870753
0.36299942
0.41238326
0.38563121
0.60532347
0.60532347
0.31964968
0.53457755
0.43643189
0.42623047
0.32423753
0.40466025
0.37837488
0.60532347
0.41641182
0.46012188
0.54647538
0.60532347
0.35852981
0.39140628
0.32244631
0.37474341
0.29640915
0.60532347
0.60532347
0.60532347
0.60532347
0.41404506
0.39092340
0.37991824
0.38313811
0.60532347
0.39829158
0.51010612
0.25798012
0.34740178
0.38857243
0.46622602
0.60532347
0.52229483
0.49553265
0.46630410
0.60494775
0.59246638
0.60532347
0.37773443
0.60532347
0.60532347
0.49822153
0.60532347
0.60532347
0.53236559
0.60532347
0.37554748
0.35238177
0.43773794
0.34662041
0.60532347
0.36783182
0.40314455
0.37807587
0.60532347
0.40301296
0.29865025
0.60532347
0.60532347
0.37737953
0.35103901
0.60532347
0.57038555
0.51010327
0.60532347
0.60532347
0.49590293
0.60532347
0.40317453
0.41392443
0.43512597
0.43440365
0.32500133
0.50929313
0.45398050
0.40761604
0.60574260
0.60532347
0.40076691
0.37978672
0.60532347
0.60532347
0.39785788
0.38374731
0.42733037
0.43498875
0.38739250
0.54180910
0.38003637
0.60532347
0.41169553
0.40833158
0.39076162
0.47456988
0.43209536
0.39937354
0.40193034
0.60532347
0.60532347
0.48832635
0.60532347
0.52137505
0.48617819
0.48029399
0.53486952
0.60532347
0.40407981
0.60532347
0.39180513
0.52994384
0.60532347
0.39603695
0.39196262
0.47567700
0.40236219
0.36189648
0.49191548
0.60532347
0.48549509
0.50731818
0.37858372
0.39116999
0.30260652
0.31172988
0.36635618
0.60532347
0.39181872
0.49504267
0.52192948
0.43872254
0.60532347
0.60532347
0.60532347
0.30702897
0.36809285
0.38306850
0.36365967
0.60532347
0.37990101
0.51847839
0.42329882
0.42611622
0.58259769
0.60527991
0.39753826
0.39562005
0.39178887
0.55807446
0.38459753
0.59210593
0.40083137
0.39007012
0.42666805
0.59422729
0.43324808
0.30533002
0.31959407
0.60532347
0.40871015
0.40792548
0.41330408
0.40860029
0.36762122
0.52211574
0.60532347
0.51031966
0.40278522
0.29729761
0.36563150
0.36923059
0.39021675
0.43443053
0.39994345
0.36586542
0.51049621
0.57043022
0.42866933
0.59411052
0.60532347
0.60532347
0.54684388
0.60532347
0.44050945
0.40299221
0.53021915
0.39921639
0.40160879
0.43246168
0.53320661
0.45468952
0.42584317
0.60532347
0.31418234
0.40181668
0.60532347
0.42857585
0.53443863
0.35481695
0.60532347
0.43130018
0.44760387
0.49992816
0.30062173
0.60532347
0.60532347
0.36487597
0.53497159
0.49841524
0.40969079
0.60532347
0.60532347
0.49905191
0.45377150
0.41509003
0.38975841
0.40140769
0.37194301
0.43584205
0.39162751
0.47180086
0.45179539
0.41537659
0.38497273
0.35713134
0.35695771
0.38534077
0.31301365
0.31439714
0.37701723
0.48615684
0.39067776
0.39087714
0.39072251
0.32166909
0.39187576
0.35242467
0.40245521
0.40271807
0.39172368
0.40372433
0.60532347
0.38024981
0.44961594
0.43890914
0.42823684
0.60532347
0.60532347
0.46164929
0.35966775
0.60532347
0.43397566
0.53435356
0.30974350
0.60532347
0.30116849
0.31416142
0.31289851
0.31033213
0.60532347
0.60532347
0.60532347
0.32491703
0.60532347
0.52267149
0.60532347
0.60532347
0.60532347
0.60532347
0.60532347
0.45669189
0.30840402
0.60532347
0.45816250
0.39020296
0.45026312
0.30098718
0.37024125
0.60532347
0.60532347
0.38733290
0.38876697
0.40087765
0.60532347
0.38665049
0.53100377
0.32464585
0.31333464
0.46246074
0.39705398
0.57008536
0.35608294
0.47422503
0.58198798
0.58076920
0.41533349
0.45954452
0.59417646
0.45009530
0.30469815
0.34085046
0.60532347
0.32035756
0.60532347
0.41256520
0.60532347
0.38433625
0.31385957
0.18136250
0.40936044
0.60532347
0.30342629
0.43365801
0.37851441
0.38533120
0.37942044
0.37825280
0.60532347
0.60532347
0.60532347
0.31482838
0.39009045
0.60532347
0.45048169
0.35714964
0.37388426
0.41486065
0.38232557
0.40318582
0.49038636
0.41187354
0.40385759
0.31506559
0.31380437
0.34638303
0.36735379
0.29244184
0.36380602
0.39128799
0.37652586
0.32851025
0.34048663
0.32208432
0.37363384
0.45960402
0.37687390
0.40603362
0.40760904
0.40645963
0.30720476
0.42647157
0.29360082
0.60532347
0.60532347
0.60532347
0.41524357
0.39123123
0.60532347
0.31301365
0.60532347
0.38059916
0.60532347
0.51822521
0.37468346
0.60532347
0.32579738
0.41979244
0.38392341
0.44909328
0.52152010
0.60532347
0.35704365
0.31917424
0.47306427
0.31943428
0.42427266
0.60532347
0.47683091
0.34624694
0.41963704
0.35534823
0.60532347
0.31773603
0.44382016
0.46629691
0.39846909
0.35905801
0.35558040
0.34606100
0.60532347
0.42314594
0.60532347
0.28720048
0.49819735
0.42973567
0.39069109
0.60532347
0.51040649
0.60532347
0.46915498
0.36069854
0.60532347
0.35149052
0.38717744
0.38969472
0.39800353
0.58203650
0.43290790
0.30659641
0.30924797
0.47461711
0.52865361
0.33369884
0.43607991
0.35614826
0.31103478
0.53437059
0.36939268
0.36102074
0.40871015
0.30358135
0.51061438
0.30827387
0.29898912
0.42882840
0.31045286
0.60532347
0.31428296
0.32206183
0.52106938
0.30487319
0.60532347
0.42006305
0.45468952
0.38491297
0.60532347
0.29191987
0.38021223
0.41848447
0.39017202
0.36860054
0.41674967
0.34420769
0.60532347
0.42078087
0.40063420
0.44504267
0.43458422
0.35405947
0.30751767
0.36660198
0.40250572
0.60532347
0.60532347
0.60532347
0.60532347
0.34968496
0.30570354
0.60532347
0.59398275
0.58207946
0.30948154
0.58233445
0.35091312
0.59426575
0.37887618
0.39268677
0.36841630
0.55913785
0.60532347
0.40172107
0.38535966
0.60532347
0.43864540
0.39330256
0.38237105
0.60532347
0.46617923
0.60532347
0.53448683
0.60532347
0.43825146
0.39038463
0.41442207
0.60532347
0.29978632
0.42387788
0.50370807
0.60532347
0.60532347
0.47360147
0.41570327
0.47417357
0.60532347
0.50385769
0.40960526
0.38991162
0.31363381
0.32103782
0.60532347
0.49302617
0.60532347
0.32526197
0.60532347
0.30162524
0.56997226
0.28403981
0.40705202
0.49859045
0.60532347
0.60532347
0.35306228
0.12496481
0.49872147
0.36014301
0.60532347
0.37905049
0.32025833
0.31491073
0.36904220
0.37823128
0.60532347
0.30457113
0.34848882
0.35774141
0.54674646
0.30389490
0.60532347
0.60532347
0.38750202
0.38040288
0.60532347
0.34183389
0.31916543
0.48026981
0.51015593
0.30379096
0.51859793
0.37685627
0.60532347
0.50959497
0.36319692
0.46577530
0.41697402
0.55897634
0.55796206
0.40766172
0.32358875
0.31711159
0.41438755
0.60532347
0.31478411
0.39526456
0.48677769
0.60532347
0.60532347
0.60532347
0.60532347
0.39533265
0.44723032
0.32260939
0.40525482
0.29421449
0.12129227
0.60532347
0.60532347
0.60532347
0.31453593
0.55922210
0.32520074
0.44212774
0.42047254
0.60532347
0.38020479
0.54423931
0.30064796
0.43184653
0.60532347
0.42702207
0.38779403
0.56847049
0.50865957
0.50583718
0.60532347
0.45108291
0.41381839
0.60532347
0.36714492
0.51087915
0.43415030
0.50272686
0.49677454
0.43150689
0.40196482
0.60532347
0.60532347
0.60532347
0.36680860
0.52254358
0.30791211
0.60532347
0.31478657
0.41246019
0.53472920
0.60532347
0.46112864
0.54558852
0.38734923
0.30409345
0.49645831
0.60532347
0.11269156
0.36225018
0.32815245
0.44085068
0.35342791
0.39478123
0.60532347
0.43945955
0.60532347
0.55750534
0.60532347
0.60532347
0.60532347
0.60532347
0.57049863
0.60532347
0.32458485
0.33361000
0.60532347
0.48666209
0.60532347
0.31490578
0.60532347
0.60532347
0.08066310
0.35558040
0.39067776
0.60532347
0.28492779
0.60532347
0.39093388
0.60532347
0.32164289
0.60532347
0.32252847
0.60532347
0.33262282
0.52249382
0.45616900
0.60532347
0.60532347
0.31141890
0.38067821
0.45634558
0.42654714
0.31195249
0.60532347
0.34627727
0.47990008
0.60532347
0.44816569
0.53454209
0.52021342
0.33899666
0.60532347
0.54669563
0.47796090
0.60532347
0.60532347
0.43611523
0.37297914
0.60532347
0.42944262
0.60532347
0.60532347
0.53213440
0.60532347
0.60532347
0.36870662
0.31259144
0.60532347
0.39847182
0.41846656
0.29635465
0.45161196
0.29142445
0.31359702
0.29893672
0.31408414
0.60532347
0.28154934
0.43713826
0.41256796
0.31221047
0.39127307
0.39181192
0.60532347
0.60532347
0.60532347
0.41331921
0.31390528
0.51490181
0.60532347
0.28291120
0.31103478
0.60532347
0.60532347
0.39771691
0.29330787
0.29702989
0.21946990
0.30952172
0.31259850
0.47078841
0.60532347
0.31928801
0.43833822
0.52174753
0.31397977
0.45050287
0.29573844
0.39214459
0.35049150
0.38571192
0.50693235
0.49365274
0.60532347
0.60532347
0.43789359
0.44957366
0.45850336
0.32017537
0.60532347
0.60532347
0.34704305
0.35771228
0.32443167
0.30974215
0.31189003
0.60532347
0.43381472
0.51063573
0.30771546
0.32505700
0.36031370
0.39987928
0.31251433
0.30575528
0.37638718
0.60545821
0.59219812
0.51688519
0.42937131
0.37785376
0.47328587
0.60532347
0.60532347
0.60532347
0.38969104
0.60532347
0.60532347
0.51787956
0.32332195
0.60532347
0.40181668
0.39357026
0.31422192
0.42902935
0.31472513
0.42064758
0.42304055
0.47100409
0.45131839
0.42623186
0.41410002
0.35758663
0.34989487
0.60532347
0.60532347
0.47000913
0.51908144
0.39614870
0.42044755
0.37908647
0.60532347
0.36881404
0.55619787
0.30884880
0.43709340
0.35548619
0.31452983
0.31266094
0.31472762
0.35935568
0.49761907
0.35834623
0.44631784
0.54648101
0.35672628
0.60532347
0.29318897
0.29420854
0.31749417
0.55574077
0.32218499
0.28370823
0.38770081
0.60532347
0.30879665
0.60532347
0.40165784
0.40752100
0.32256830
0.60532347
0.50953522
0.60532347
0.54111883
0.30896962
0.49003754
0.54507713
0.31290884
0.27247986
0.29735713
0.29514432
0.60532347
0.60532347
0.60532347
0.38007685
0.35995268
0.58089821
0.58159294
0.31673157
0.54576930
0.55829366
0.30418749
0.51875574
0.45550623
0.60532347
0.34229920
0.60532347
0.37868180
0.53329023
0.43367731
0.40367929
0.48636888
0.38005516
0.32505820
0.34617410
0.39015958
0.40946887
0.40063138
0.60532347
0.35742103
0.41256796
0.40145932
0.42628342
0.54350438
0.53459029
0.60532347
0.60532347
0.60532347
0.36429932
0.60532347
0.41329573
0.34606708
0.49497003
0.38991193
0.48638740
0.60532347
0.40300450
0.47318215
0.49859470
0.41283723
0.48592341
0.54717703
0.36745839
0.57047909
0.37928093
0.29627863
0.41476779
0.43362124
0.41312727
0.39425048
0.60532347
0.36935398
0.60532347
0.30048906
0.30766070
0.60532347
0.37847382
0.60532347
0.37001929
0.42547971
0.46195801
0.45597811
0.38506540
0.35899508
0.36878092
0.38005247
0.39672396
0.36519950
0.60532347
0.30394763
0.30052699
0.29504951
0.31104721
0.43584875
0.30585204
0.35578647
0.60532347
0.37886522
0.31430295
0.60532347
0.36942566
0.53045045
0.41557998
0.34542915
0.60532347
0.60532347
0.39576159
0.50971745
0.46036851
0.32293318
0.54736053
0.60532347
0.37958813
0.41432119
0.41595099
0.31875223
0.31513847
0.30043239
0.60532347
0.31551100
0.52090166
0.37185784
0.40597716
0.28198170
0.60532347
0.60532347
0.37760216
0.55417474
0.60532347
0.51554926
0.47383552
0.47328729
0.52291170
0.38521287
0.56819938
0.45003188
0.46283889
0.31132065
0.30396565
0.30391142
0.45319129
0.60532347
0.28857867
0.60532347
0.47955455
0.42285394
0.41674967
0.44311290
0.40050142
0.30661563
0.39687247
0.32569352
0.58031832
0.30319839
0.60532347
0.40960664
0.31314957
0.30347168
0.47895169
0.60532347
0.39723130
0.32516257
0.49837395
0.39176035
0.29470243
0.34610355
0.29862997
0.29820414
0.46262643
0.36903290
0.36127020
0.37513741
0.30100026
0.54713045
0.41569345
0.35946324
0.37888802
0.60532347
0.60532347
0.32190014
0.60532347
0.35446218
0.37398149
0.34750641
0.29368744
0.36575331
0.37759910
0.44836859
0.39645811
0.31234760
0.39769371
0.37043282
0.33836488
0.30504555
0.31466184
0.40000948
0.30138997
0.39299402
0.52260753
0.35143195
0.39073721
0.31507946
0.53339094
0.30809060
0.60532347
0.45057478
0.30421526
0.42640918
0.55881060
0.60532347
0.41792874
0.38699778
0.36007869
0.31287088
0.60532347
0.29808731
0.32470956
0.32516070
0.60532347
0.31381535
0.57040928
0.58217509
0.31281534
0.37960326
0.40682653
0.31441679
0.35648538
0.30940485
0.42062942
0.36943647
0.60532347
0.30270151
0.60532347
0.38575241
0.60532347
0.42321269
0.29375208
0.35793150
0.40119104
0.48369788
0.60532347
0.39862477
0.37685359
0.39142799
0.30288109
0.29959262
0.35363612
0.30394401
0.29107153
0.30374632
0.60532347
0.35803172
0.31361050
0.30486081
0.60532347
0.36425711
0.43932471
0.39949644
0.41954308
0.60532347
0.39704704
0.37325898
0.36991040
0.60532347
0.60532347
0.31405216
0.41314692
0.32684332
0.29573844
0.44158107
0.31215052
0.43193191
0.60532347
0.35399312
0.40946887
0.30824607
0.28138343
0.27281089
0.31932639
0.60532347
0.38797258
0.57070243
0.34380293
0.37888802
0.31072541
0.42905879
0.37801434
0.30270753
0.40334589
0.46018981
0.36803195
0.60532347
0.47286012
0.31237358
0.42280527
0.30763658
0.60532347
0.44714291
0.49817738
0.33189620
0.33652160
0.36889781
0.46676208
0.54558566
0.41014268
0.59411464
0.35958918
0.31166998
0.28676565
0.33503656
0.60532347
0.37976390
0.31451505
0.46657340
0.50554389
0.34591516
0.60532347
0.45875515
0.40320738
0.29381829
0.34232882
0.38936552
0.40118458
0.29775961
0.31479762
0.41607404
0.36563150
0.60532347
0.36298612
0.32514821
0.38134122
0.25395697
0.38071348
0.40318582
0.60549767
0.58107851
0.39021961
0.58108682
0.60490281
0.60583376
0.46277090
0.38328799
0.60532347
0.52211858
0.60532347
0.60532347
0.60532347
0.60532347
0.60532347
0.29366469
0.38984649
0.39590614
0.41399498
0.60532347
0.60532347
0.60532347
0.35753037
0.44192528
0.60532347
0.52267149
0.51056454
0.39084979
0.44397074
0.36739740
0.38872365
0.36694335
0.36827044
0.60532347
0.38044606
0.29410207
0.60532347
0.31517380
0.60532347
0.37764605
0.35412070
0.44975411
0.48568152
0.60532347
0.30545908
0.43113949
0.48751926
0.47375736
0.48563598
0.40098446
0.34391582
0.38025137
0.34797273
0.34893418
0.60532347
0.31364975
0.29812904
0.60532347
0.60532347
0.36762122
0.35482337
0.30420316
0.60532347
0.39184721
0.31153311
0.60532347
0.31375401
0.40132517
0.40581381
0.60532347
0.60532347
0.60532347
0.41868690
0.31693504
0.60532347
0.30851609
0.60532347
0.40461496
0.36927305
0.31339233
0.31237358
0.48653398
0.36893212
0.30644892
0.41486065
0.47152373
0.29399243
0.60532347
0.54388313
0.44344622
0.39915354
0.60532347
0.37422974
0.60532347
0.60532347
0.41388159
0.40998419
0.60532347
0.30359212
0.34395696
0.39187576
0.60532347
0.31120096
0.60532347
0.35790734
0.53535281
0.60532347
0.44914365
0.48966880
0.60532347
0.31462069
0.46181496
0.34526852
0.30888894
0.31363381
0.32053767
0.57070522
0.41448018
0.10795468
0.55823604
0.31460352
0.44863523
0.41426862
0.48225113
0.45251078
0.60532347
0.31506127
0.30825322
0.37807721
0.60532347
0.37865074
0.37923666
0.31274901
0.30333117
0.31025763
0.60532347
0.60532347
0.32529578
0.41537659
0.41887284
0.57038974
0.35938832
0.38947126
0.46275533
0.35738900
0.45958138
0.36875838
0.60532347
0.39187201
0.60532347
0.60532347
0.31753244
0.32049898
0.38708698
0.60532347
0.60532347
0.46183053
0.35736414
0.32348276
0.41521589
0.38931811
0.31223654
0.60532347
0.31383620
0.31281392
0.60532347
0.36733385
0.42458171
0.60532347
0.31617470
0.42962410
0.29487535
0.49695969
0.60532347
0.29654834
0.40309497
0.32045703
0.60532347
0.37959484
0.40219742
0.31444013
0.35528412
0.41200228
0.60532347
0.60532347
0.31371107
0.60532347
0.44417749
0.37250788
0.32399416
0.45634558
0.47216546
0.32381084
0.51474101
0.60532347
0.59324747
0.60589906
0.59349216
0.40093961
0.43141197
0.60589906
0.60565689
0.42225748
0.40516557
0.36627660
0.43977943
0.31127290
0.60532347
0.31433329
0.30840524
0.31281269
0.39091489
0.43819515
0.39145357
0.36335781
0.37560656
0.35098812
0.55631318
0.30438443
0.36625038
0.39778964
0.31267347
0.60512609
0.41546217
0.30944259
0.42213974
0.37522288
0.28439447
0.29407014
0.59402259
0.47399460
0.44595314
0.35369903
0.29995975
0.31651215
0.40137309
0.32069642
0.60532347
0.44244944
0.60532347
0.44482871
0.30958179
0.37261015
0.60532347
0.29447157
0.29806612
0.32423878
0.60532347
0.48328962
0.60532347
0.39944188
0.58097309
0.30276322
0.60532347
0.35083888
0.32456972
0.37775615
0.40125301
0.32136936
0.39042395
0.60532347
0.36738058
0.30282335
0.60532347
0.55891174
0.60532347
0.31393681
0.37868826
0.33286821
0.28644532
0.31285311
0.48695385
0.47777895
0.41293244
0.27743884
0.60532347
0.30210217
0.60532347
0.40449982
0.31424249
0.34690433
0.35706326
0.39749734
0.29808731
0.60532347
0.36748613
0.36889762
0.40390148
0.60532347
0.32364487
0.60532347
0.60532347
0.60532347
0.60532347
0.36651599
0.39377017
0.34102428
0.39390345
0.27353144
0.35382638
0.50852710
0.51019721
0.39971787
0.38726666
0.40989197
0.60532347
0.32430750
0.48112319
0.60532347
0.60532347
0.53313854
0.44251971
0.23502665
0.37606857
0.50973738
0.51771888
0.52204320
0.42387788
0.40886436
0.56889953
0.53320661
0.36139905
0.60532347
0.30395482
0.45009251
0.40238237
0.60532347
0.42767199
0.54507713
0.60532347
0.39398656
0.36586542
0.40750037
0.53245074
0.30105780
0.36109918
0.47443496
0.34817612
0.47448465
0.32049898
0.60532347
0.31581514
0.51099019
0.60532347
0.45202811
0.38896639
0.60532347
0.40263333
0.40188652
0.37912938
0.30294207
0.46220441
0.49678304
0.31440083
0.30425021
0.60532347
0.60532347
0.42946065
0.40732019
0.36118476
0.60532347
0.53468526
0.60532347
0.60532347
0.30477508
0.60532347
0.60532347
0.60532347
0.60532347
0.30141157
0.30357647
0.60532347
0.37351890
0.34393768
0.47259990
0.43957604
0.35751986
0.60501173
0.60532347
0.35567809
0.39468758
0.39222234
0.31917424
0.29990221
0.60532347
0.58185076
0.42812246
0.28721797
0.40321839
0.35088040
0.32517700
0.32324726
0.49896076
0.35640567
0.32377334
0.37285418
0.60532347
0.60532347
0.60532347
0.36369119
0.07483479
0.41395383
0.32456592
0.31427435
0.60532347
0.31261188
0.39051480
0.48546090
0.39290690
0.38002830
0.60532347
0.36104308
0.44818823
0.49003897
0.55865047
0.60532347
0.48077893
0.40244270
0.60532347
0.59433718
0.42246180
0.34641563
0.28607051
0.39638164
0.29673852
0.58250764
0.36763843
0.31260820
0.60532347
0.33525707
0.36698064
0.36896793
0.60576573
0.49654803
0.57051677
0.27805027
0.60532347
0.35384711
0.40275917
0.32421630
0.37747468
0.27420675
0.31408040
0.31866302
0.36623966
0.31089440
0.44126219
0.34502992
0.28164731
0.35766381
0.35786545
0.29470686
0.60532347
0.42205457
0.37687768
0.40588786
0.30304074
0.30516545
0.53377372
0.30031039
0.47002767
0.60532347
0.45910175
0.38567939
0.30152684
0.60532347
0.60532347
0.39152417
0.60532347
0.42286774
0.60532347
0.30321170
0.40611181
0.60532347
0.30100516
0.36058950
0.39170876
0.29834128
0.36727030
0.47230177
0.60532347
0.38593062
0.31205033
0.46252163
0.60532347
0.39659171
0.44847561
0.42117238
0.31473128
0.40325537
0.60540921
0.32140561
0.60532347
0.60532347
0.60532347
0.39232114
0.60532347
0.38636399
0.34259321
0.60532347
0.40492929
0.34585217
0.38543915
0.36848253
0.60532347
0.34189542
0.29822441
0.60532347
0.36827637
0.40136648
0.41037012
0.30035456
0.31433334
0.32995460
0.60532347
0.38835694
0.26781615
0.44485976
0.60532347
0.43693043
0.33761293
0.60532347
0.60532347
0.36218701
0.37788433
0.60532347
0.30485387
0.30659641
0.26369819
0.49527338
0.41189847
0.33145276
0.40231256
0.60532347
0.40312380
0.37891484
0.60532347
0.60532347
0.43782347
0.37790442
0.60532347
0.54528762
0.40282770
0.09254472
0.60532347
0.44688810
0.60532347
0.54683116
0.60532347
0.41160869
0.29654596
0.29824230
0.31607232
0.60532347
0.38042304
0.29810997
0.39911791
0.44852070
0.32458720
0.42318757
0.38037335
0.60532347
0.39677197
0.31880281
0.42550193
0.43657733
0.60532347
0.60532347
0.49771881
0.31025287
0.29415176
0.53456051
0.30284584
0.26538113
0.52796221
0.39290704
0.28701041
0.51963750
0.36983354
0.35695640
0.35531260
0.37492376
0.60532347
0.29250115
0.30663517
0.40060949
0.50978006
0.31285311
0.29091061
0.52213703
0.60532347
0.60532347
0.42428557
0.31318671
0.60532347
0.41432119
0.44107960
0.60532347
0.29025086
0.57036042
0.30409138
0.60532347
0.44249441
0.30913115
0.50605229
0.55784542
0.31177022
0.51105000
0.31193283
0.31115200
0.30386924
0.29190965
0.60532347
0.60532347
0.60532347
0.37175047
0.39120523
0.47357556
0.48548081
0.38781567
0.37164403
0.38350455
0.60532347
0.43125535
0.39713991
0.38330926
0.42912007
0.44937765
0.31482344
0.46843984
0.38049172
0.48702074
0.60532347
0.31533770
0.47936971
0.40164005
0.42181567
0.48117289
0.40094478
0.60532347
0.31379818
0.39042395
0.34698083
0.31487997
0.60532347
0.36483384
0.50736802
0.52305668
0.28179603
0.36926130
0.60532347
0.43845464
0.37847248
0.47720186
0.52305668
0.60532347
0.36142009
0.60532347
0.42735804
0.51010324
0.35484815
0.40136760
0.36638504
0.39654672
0.30272677
0.30107698
0.60479252
0.43565855
0.31415409
0.38570921
0.30245303
0.60532347
0.60532347
0.41654889
0.49720034
0.31431856
0.40670155
0.53487662
0.35719281
0.30993707
0.34604393
0.60532347
0.36873350
0.32459471
0.31987287
0.38799152
0.31340703
0.60532347
0.41449674
0.35721505
0.60532347
0.39084979
0.38942918
0.47863190
0.46411707
0.60532347
0.30521161
0.44957397
0.57036880
0.29982579
0.35750285
0.60532347
0.60532347
0.60532347
0.47042080
0.45639797
0.60532347
0.60532347
0.60532347
0.41424096
0.38012532
0.30757712
0.48519625
0.53535423
0.52141770
0.31355410
0.49670760
0.44148706
0.43118828
0.40157433
0.39257673
0.41413592
0.30064796
0.42948729
0.32297304
0.51082505
0.60532347
0.52176600
0.38933715
0.31380344
0.37698740
0.50639976
0.41073696
0.60532347
0.19651108
0.36168338
0.30413324
0.39062600
0.52281932
0.50826801
0.39879698
0.30162394
0.54641889
0.59367083
0.58216815
0.58170661
0.42213389
0.60532347
0.34112799
0.49151829
0.60532347
0.31174943
0.30118020
0.38016828
0.45825576
0.54560826
0.39816188
0.50711028
0.40311691
0.39201423
0.53368582
0.60532347
0.37853815
0.44994864
0.42678234
0.38025137
0.29373199
0.60532347
0.36955307
0.29355510
0.53373406
0.46141992
0.60532347
0.55870105
0.36666548
0.35808182
0.39126764
0.52218963
0.31468273
0.40321425
0.39599471
0.41518859
0.39002539
0.31508652
0.31299282
0.30418513
0.40759266
0.38494980
0.47445623
0.47246080
0.39999277
0.50745773
0.47950914
0.36748916
0.60532347
0.38540284
0.32555841
0.60532347
0.32338092
0.60543371
0.35467339
0.60559021
0.43770574
0.60554258
0.31456542
0.38027667
0.59389069
0.53359083
0.44659512
0.48443918
0.60532347
0.43626897
0.39044564
0.54674929
0.60532347
0.34672234
0.42481966
0.60532347
0.37029955
0.28272754
0.35575274
0.60532347
0.39930795
0.26947837
0.45613923
0.46952239
0.50787780
0.37453264
0.58246053
0.57000858
0.60532347
0.30460972
0.60532347
0.60532347
0.42335763
0.44329015
0.49692261
0.37624371
0.30233126
0.45469094
0.60532347
0.40320601
0.34828189
0.42203095
0.37731260
0.42939504
0.32469708
0.46304427
0.52245688
0.40978615
0.60532347
0.50971172
0.34691467
0.31430260
0.60532347
0.60532347
0.48310468
0.30908762
0.39713991
0.42381906
0.60532347
0.36961581
0.60532347
0.43075656
0.45011789
0.30830682
0.30207416
0.38733155
0.60532347
0.41293383
0.41483556
0.43564985
0.44442787
0.58187710
0.52100398
0.40359153
0.29620142
0.60532347
0.35695995
0.60532347
0.42015199
0.31235117
0.42691195
0.39231199
0.36212252
0.52798350
0.36763881
0.46372602
0.39812269
0.39753815
0.60532347
0.48371779
0.36653715
0.31070658
0.59354987
0.37016804
0.58008660
0.29675754
0.43814078
0.36811936
0.40881892
0.48487466
0.50986975
0.41124300
0.39063858
0.37382024
0.60532347
0.50653646
0.29230275
0.31463792
0.30895232
0.30337776
0.52288469
0.37862795
0.32326338
0.37453398
0.60532347
0.34706500
0.60532347
0.34469405
0.39860292
0.44748940
0.40278936
0.52955070
0.60532347
0.40425419
0.30297854
0.60532347
0.34367699
0.49281684
0.37930239
0.46120052
0.32569600
0.48337925
0.60532347
0.45999317
0.60532347
0.60532347
0.36928102
0.41476499
0.48047886
0.60532347
0.41663612
0.60532347
0.60532347
0.48029256
0.60532347
0.40770121
0.38799152
0.45413172
0.37860114
0.50817688
0.60532347
0.50448290
0.32566223
0.37770890
0.32298322
0.51088628
0.60532347
0.29338582
0.50533739
0.37797005
0.57831480
0.52856133
0.40235914
0.59388656
0.54533282
0.10151910
0.49882828
0.38896328
0.31430260
0.29339055
0.31387792
0.31467479
0.42468185
0.30268709
0.51718827
0.60532347
0.60532347
0.53402895
0.54196750
0.48133503
0.40636754
0.60532347
0.35178406
0.35705019
0.31227164
0.39970567
0.48552920
0.41547738
0.28890186
0.42608283
0.31493808
0.31559606
0.47927738
0.41422198
0.52328407
0.47218385
0.41541236
0.37698740
0.44558437
0.60532347
0.41111896
0.60532347
0.32446476
0.60532347
0.60532347
0.46261933
0.38478080
0.47106094
0.30038752
0.48511082
0.60532347
0.45492120
0.31485174
0.30484751
0.37818975
0.60532347
0.39853202
0.43104995
0.30319394
0.42046987
0.30806753
0.41316732
0.39991747
0.41504025
0.32069900
0.43797073
0.34353581
0.60532347
0.36998358
0.60532347
0.37974518
0.41195812
0.29292075
0.51665762
0.42993952
0.29833769
0.43665713
0.37690042
0.30369332
0.36822957
0.53160388
0.44194636
0.41449259
0.60532347
0.55831895
0.45628490
0.38080213
0.31143415
0.29785954
0.26299342
0.41096035
0.60570179
0.52292024
0.36021156
0.33317698
0.47373782
0.42720224
0.35756700
0.34600004
0.40262936
0.43816846
0.35727653
0.44440536
0.38431170
0.41134104
0.32592770
0.60532347
0.29450204
0.38067821
0.35265875
0.43141337
0.60532347
0.53389424
0.60532347
0.32172752
0.60532347
0.60532347
0.43091454
0.60532347
0.34506863
0.60532347
0.53428410
0.60532347
0.60532347
0.43704537
0.60532347
0.46190700
0.31147824
0.45284825
0.60532347
0.30048786
0.40388228
0.46593407
0.30452075
0.39822206
0.45758825
0.30261262
0.49013008
0.50609067
0.39101144
0.40984787
0.43760053
0.60532347
0.57024174
0.39198199
0.45578036
0.30834570
0.60532347
0.33255959
0.60532347
0.39389951
0.40483333
0.59339593
0.39179156
0.31221354
0.49235405
0.36744243
0.37838576
0.48478495
0.39124191
0.39729815
0.60532347
0.43850265
0.30282215
0.36927174
0.32440107
0.37927594
0.35365475
0.40421564
0.36087092
0.51087345
0.46200223
0.30661700
0.35406077
0.60532347
0.36476650
0.31402431
0.29455088
0.42207681
0.54632286
0.47378719
0.32345721
0.39467765
0.51857226
0.46109005
0.23736997
0.39632589
0.31507051
0.45009671
0.35758792
0.35640604
0.37017616
0.58053755
0.31510003
0.36779209
0.45076802
0.59444569
0.55840746
0.41079477
0.38394106
0.58237463
0.31110327
0.49857761
0.53342777
0.50586858
0.36779612
0.41630106
0.47456881
0.35571857
0.49775865
0.43819796
0.30046484
0.32021754
0.59309212
0.60556844
0.53246062
0.38667076
0.58195057
0.54512944
0.58101195
0.59364058
0.58217093
0.39149835
0.37899528
0.36718690
0.40917961
0.38653054
0.39783605
0.60549903
0.38339801
0.56999460
0.49877846
0.31295024
0.36794710
0.31979365
0.55579426
0.31478411
0.54704434
0.42372067
0.44661492
0.29872331
0.51049906
0.29785611
0.46113682
0.37546198
0.31281645
0.27721962
0.41862034
0.58091902
0.31007857
0.29413997
0.54634546
0.42502292
0.38080213
0.59402122
0.57022919
0.58212380
0.58098837
0.46296071
0.31366631
0.26255390
0.28782602
0.38029546
0.33534379
0.58198659
0.59311412
0.31949373
0.31180811
0.42876434
0.31392491
0.41503468
0.45754159
0.35644102
0.32591251
0.59147559
0.41436263
0.50960498
0.47099281
0.60603237
0.42562032
0.34353581
0.34504794
0.41185008
0.58128928
0.44817830
0.31339225
0.45722355
0.38974080
0.29637604
0.40891106
0.31468125
0.37313398
0.41218970
0.45722063
0.42673213
0.30229281
0.57100111
0.31371353
0.51511241
0.55718487
0.37835999
0.58248963
0.36523791
0.47209731
0.33817528
0.59382749
0.54677612
0.41532416
0.34311797
0.54540062
0.58210163
0.49590008
0.42026581
0.58223744
0.45586081
0.52137505
0.38958235
0.55463075
0.36822936
0.49754785
0.40242621
0.30673329
0.41464197
0.47807595
0.30362826
0.57065776
0.58219726
0.58230812
0.44799128
0.45049017
0.43856543
0.34618828
0.40080689
0.42008566
0.38098584
0.45085581
0.36916823
0.50745922
0.30738303
0.41786222
0.40025942
0.31011622
0.39541845
0.29816719
0.54641465
0.54604608
0.41209713
0.39180534
0.46584334
0.41844577
0.50706762
0.31453962
0.43966727
0.60536566
0.42864992
0.31373315
0.60594259
0.58130316
0.60578478
0.36397338
0.59302475
0.37435916
0.31111048
0.30988103
0.58173987
0.45926020
0.36733650
0.30716474
0.42548142
0.36837515
0.58194363
0.49838390
0.30891340
0.40247005
0.39166937
0.40070124
0.39887787
0.43784316
0.45083572
0.32467084
0.52853862
0.39888577
0.35812600
0.38715322
0.58193256
0.50857124
0.39785515
0.36863368
0.42480613
0.31269306
0.39308358
0.59319385
0.32228214
0.57992978
0.48326544
0.50888881
0.31224839
0.30444563
0.57026408
0.59426712
0.38092827
0.39237141
0.38090120
0.31418264
0.37726843
0.42060454
0.28001227
0.31269306
0.35879174
0.40085576
0.54510256
0.36127284
0.29024824
0.47186730
0.30339341
0.30827144
0.52216407
0.48671191
0.53382622
0.34591172
0.54281593
0.53380209
0.41528506
0.46216366
0.31257270
0.38010483
0.56946392
0.31076760
0.42390949
0.30229281
0.45737898
0.36133726
0.31427435
0.35610123
0.29868485
0.53202093
0.32465216
0.58074839
0.37365610
0.57099412
0.48487751
0.40618052
0.53363903
0.32351153
0.36560253
0.57995337
0.40957919
0.51061862
0.58043209
0.53446131
0.28358934
0.45064250
0.59442784
0.54645703
0.37998938
0.56997226
0.31027469
0.45036605
0.31487997
0.58262402
0.58223744
0.47918344
0.36847061
0.54634263
0.53487662
0.38998202
0.46120478
0.48569001
0.42071966
0.30471746
0.54293186
0.10825735
0.35842989
0.42410328
0.30167473
0.39270715
0.47807889
0.59373679
0.27495146
0.29963207
0.30622591
0.27380443
0.60554258
0.51096884
0.54423790
0.59360486
0.30419232
0.44181148
0.29849514
0.48980690
0.46056353
0.35728434
0.29416121
0.42289704
0.44806173
0.31442048
0.40365872
0.37559158
0.48337064
0.36336177
0.41693814
0.48250291
0.34599751
0.42094195
0.49859897
0.38527330
0.38802544
0.54315947
0.36920008
0.37718411
0.35274069
0.30494047
0.39290704
0.40197828
0.58112289
0.30209458
0.58204343
0.41329993
0.58118945
0.27489778
0.55863362
0.59411464
0.43111981
0.37853681
0.37110377
0.43347472
0.31066904
0.30185801
0.33664406
0.59293399
0.30475730
0.29620142
0.46097396
0.39116489
0.59300275
0.31377241
0.32436862
0.42599526
0.32227603
0.49560243
0.29240294
0.44729651
0.60558885
0.60534524
0.55870386
0.39741303
0.48337064
0.41433082
0.59311274
0.44517804
0.49397601
0.41465575
0.60516829
0.31911358
0.50445008
0.59449101
0.29423102
0.43382553
0.39204816
0.58079278
0.58244668
0.41098242
0.45177141
0.59222151
0.56898894
0.40937944
0.43173063
0.40509966
0.60559021
0.48450748
0.45030259
0.52332813
0.39730116
0.30381778
0.50722705
0.42669593
0.37659408
0.59329284
0.46121924
0.54079627
0.32275422
0.45894463
0.40515170
0.46832645
0.41554380
0.40308814
0.53398500
0.47404005
0.59306874
0.58233029
0.31183145
0.30419476
0.60607318
0.40266873
0.35702424
0.54699351
0.60585417
0.47156490
0.45562068
0.31015657
0.52218963
0.40772748
0.32051772
0.32090258
0.37134047
0.35598406
0.39162186
0.38341835
0.29647109
0.59377388
0.37972634
0.42453469
0.56797152
0.51091333
0.29754761
0.58058194
0.32082414
0.54657985
0.38254462
0.37845104
0.39134400
0.49834118
0.29247838
0.31462438
0.41434331
0.35593151
0.44811067
0.40951709
0.39944860
0.44873069
0.29865025
0.43084469
0.28603211
0.47073873
0.30247226
0.43854442
0.58101886
0.58252981
0.38045929
0.38890100
0.42180306
0.48592483
0.59259843
0.49221735
0.50998935
0.41882708
0.57040229
0.34706310
0.57995198
0.34365514
0.58008660
0.48990220
0.31465391
0.44989370
0.54164503
0.34579159
0.47909245
0.59262181
0.59388931
0.35809717
0.34452154
0.59433306
0.52137221
0.58140298
0.37198707
0.32449286
0.35971776
0.45807057
0.36425578
0.29324646
0.30399640
0.40038515
0.52046937
0.59444431
0.30936468
0.58080806
0.60594396
0.41485489
0.53483127
0.28846757
0.41547877
0.38486213
0.55915891
0.60525950
0.58253536
0.36554297
0.31848370
0.58198798
0.31171032
0.46638765
0.37943519
0.36923191
0.59341654
0.29867875
0.42245385
0.32987525
0.31267225
0.58045568
0.39133957
0.37575622
0.56815322
0.51078947
0.29781348
0.44670918
0.45600930
0.44262664
0.43045915
0.31462684
0.37192052
0.28499660
0.30695003
0.30985828
0.59375465
0.30350065
0.56937729
0.60525950
0.31435190
0.37552332
0.39756135
0.35628060
0.60550176
0.52134946
0.30877719
0.35788960
0.60603237
0.59346879
0.31085412
0.36697115
0.59357186
0.60521049
0.42069745
0.59408716
0.51020434
0.38539732
0.30309525
0.58092871
0.42297520
0.58063603
0.31991365
0.30221231
0.42729810
0.40312514
0.30999800
0.35599420
0.32090608
0.37417491
0.59317873
0.43531681
0.38049823
0.59451574
0.33060976
0.60585417
0.42092101
0.28529622
0.33132779
0.48657100
0.30007512
0.31493899
0.35668314
0.59406518
0.36150674
0.59415448
0.30392829
0.25612693
0.29824349
0.46177110
0.58244114
0.45069043
0.59395527
0.59230129
0.59265618
0.42252335
0.33262282
0.31434312
0.27981400
0.31507297
0.57095226
0.46095415
0.28890277
0.32319546
0.59343991
0.37330682
0.58165115
0.58133365
0.31472270
0.57015658
0.56678986
0.57950086
0.30988103
0.43713929
0.59357461
0.42227455
0.59420256
0.36855169
0.54446681
0.41223378
0.30339462
0.59329284
0.53416930
0.39319246
0.43419080
0.37272323
0.38850030
0.59314848
0.59355262
0.44916093
0.35961307
0.59292435
0.39184588
0.51070264
0.43538543
0.59364746
0.47427302
0.52153428
0.32561468
0.40325815
0.48676740
0.59415861
0.59347154
0.33588971
0.59395252
0.47441504
0.40246593
0.25836637
0.40177149
0.38736305
0.52239292
0.51571147
0.58266835
0.34895359
0.58058472
0.59270157
0.31255227
0.49849074
0.32065670
0.60596436
0.38923151
0.36866554
0.59327085
0.34506983
0.33555934
0.30458681
0.31424367
0.59437839
0.59415448
0.51751404
0.40379428
0.60567730
0.30240818
0.58184246
0.30431054
0.32465086
0.31250547
0.29395543
0.54498672
0.29943415
0.33840356
0.30407901
0.36696585
0.58020039
0.30317793
0.55755031
0.28473315
0.29333149
0.37872469
0.38825941
0.36131912
0.43842237
0.40320876
0.29361181
0.40092280
0.26084883
0.59141364
0.58022259
0.38963105
0.29978779
0.30360212
0.50693092
0.31747442
0.43920941
0.32571228
0.59355262
0.30443957
0.59320211
0.30826092
0.50982419
0.37332295
0.57045675
0.31497832
0.57022359
0.31291811
0.59358287
0.37023992
0.30176955
0.33103492
0.42130027
0.60543371
0.35808077
0.60519007
0.54592889
0.35335879
0.42623884
0.30861792
0.54688199
0.59375052
0.29332329
0.55846785
0.58237047
0.35471405
0.46222139
0.29708699
0.41065826
0.41218970
0.31015657
0.31033335
0.42523602
0.32085903
0.39849105
0.40096522
0.47434401
0.35188179
0.38568210
0.41089416
0.28357279
0.35569907
0.50537292
0.31019314
0.29976530
0.31515659
0.44329708
0.43883480
0.38892267
0.38167300
0.29587611
0.60545548
0.59356088
0.36843618
0.38993331
0.42699976
0.36255546
0.36741602
0.30436599
0.60543371
0.49423953
0.29876243
0.40355292
0.57008397
0.33553398
0.50998935
0.27886438
0.34241219
0.40240017
0.30383068
0.37820850
0.57022359
0.31258984
0.42580418
0.31415527
0.46000583
0.31093224
0.60554258
0.44085068
0.41441244
0.59201236
0.39080367
0.49757064
0.45069501
0.59362547
0.39802412
0.23699373
0.38029280
0.47418068
0.58219310
0.49499425
0.59429048
0.60561062
0.60543371
0.60580791
0.59411464
0.55870105
0.50938568
0.38136784
0.49866024
0.43910138
0.38568074
0.60530305
0.32303408
0.30206945
0.36883128
0.44531135
0.40394812
0.44984749
0.60543644
0.59440586
0.36840433
0.55878953
0.34664754
0.42274717
0.42298454
0.38651798
0.58223744
0.41481482
0.38442522
0.29247720
0.60576710
0.31487909
0.32559844
0.32041959
0.37606735
0.33530315
0.45868583
0.34723259
0.31403744
0.41771935
0.41788161
0.42247887
0.37951976
0.57039394
0.35525658
0.48529160
0.35302211
0.30117529
0.41471659
0.41390509
0.42513988
0.31285006
0.57063682
0.34307688
0.38084094
0.39062600
0.32526450
0.38455438
0.58156104
0.34299482
0.55841308
0.59424652
0.31360745
0.36741470
0.43630408
0.44107960
0.31423261
0.46167336
0.31175740
0.32539581
0.32209914
0.32480078
0.41607681
0.39213510
0.43354328
0.32566348
0.36770598
0.37075840
0.42903215
0.41059248
0.31885493
0.42684505
0.47858347
0.37239708
0.55888646
0.31531030
0.30399339
0.47326457
0.52263170
0.53181099
0.31019314
0.46140329
0.58133504
0.30677327
0.52254785
0.37965790
0.58080667
0.39931741
0.32045693
0.37478479
0.46101397
0.31689326
0.54418133
0.31329304
0.31526359
0.30439015
0.31530294
0.30391022
0.59409404
0.30299779
0.45643745
0.55481369
0.31958898
0.45772683
0.30021690
0.43789780
0.60525677
0.46200474
0.32515465
0.32067914
0.41394931
0.31069426
0.42566071
0.42600058
0.30407059
0.41339112
0.42051458
0.32481952
0.45673430
0.43817268
0.59375190
0.28452171
0.37876893
0.43164246
0.59406793
0.59322548
0.41508590
0.43852791
0.58009491
0.30882813
0.28838949
0.34612644
0.45430109
0.60541193
0.57970353
0.33114480
0.50157036
0.32561342
0.51868747
0.33395839
0.31875347
0.45080609
0.58173018
0.45009847
0.36904770
0.33160697
0.30843831
0.37842297
0.32040098
0.59240036
0.42404593
0.41440549
0.49227866
0.36614436
0.31815377
0.31583607
0.57068009
0.35726215
0.32081930
0.31371250
0.29760596
0.60534388
0.41079339
0.60554530
0.42669032
0.60552217
0.33846734
0.32489323
0.31439714
0.46246106
0.43842518
0.31930906
0.50392747
0.45613640
0.31451996
0.32530326
0.34634046
0.38376752
0.43608403
0.34376672
0.32438360
0.30376560
0.43603227
0.30823500
0.32456972
0.59314710
0.43492294
0.41695325
0.46204436
0.29443606
0.33247739
0.33494735
0.58029059
0.41733695
0.41030120
0.32325838
0.41453720
0.42220645
0.50886603
0.32469369
0.41959137
0.30954143
0.40719241
0.59310310
0.29687646
0.58095090
0.30304074
0.45361193
0.42857864
0.34995045
0.27439042
0.48879043
0.39864537
0.57040928
0.57027526
0.34555732
0.53478449
0.54572408
0.30420558
0.46264344
0.52144187
0.50456543
0.39184857
0.29470361
0.31326662
0.44044205
0.48142748
0.27577791
0.32798264
0.41041187
0.31393927
0.60523636
0.46053946
0.40157433
0.54640478
0.43851632
0.38067686
0.38008201
0.60532347
0.32193993
0.32579296
0.34577453
0.36818695
0.30749948
0.60532347
0.33532056
0.60532347
0.32128509
0.60532347
0.60532347
0.60532347
0.60532347
0.60532347
0.38125897
0.60532347
0.31995344
0.60532347
0.60532347
0.60532347
0.31997107
0.31567605
0.60532347
0.60532347
0.51026558
0.60532347
0.28990449
0.60532347
0.60532347
0.33515805
0.32698765
0.47264824
0.38916370
0.60532347
0.60532347
0.31736359
0.60532347
0.32724847
0.44735033
0.60532347
0.31591486
0.38995228
0.44019074
0.60532347
0.60532347
0.60532347
0.33626217
0.60532347
0.33563555
0.60532347
0.49854487
0.60532347
0.60532347
0.22830947
0.31360567
0.60532347
0.60532347
0.60532347
0.32518196
0.31657270
0.32497696
0.60532347
0.31729174
0.31507667
0.60532347
0.38605889
0.60532347
0.38272078
0.30406571
0.48677310
0.53460729
0.55736760
0.33568511
0.39909332
0.38243321
0.60532347
0.40492256
0.43784731
0.60532347
0.32985510
0.47292652
0.31352841
0.47037671
0.50495850
0.60532347
0.40379313
0.30083378
0.45903659
0.60532347
0.48333230
0.43148173
0.60532347
0.54414604
0.36589857
0.60532347
0.38045529
0.60532347
0.60532347
0.31257270
0.53469804
0.29359054
0.48689123
0.29986633
0.60532347
0.35710779
0.29794813
0.31102663
0.52216546
0.56849149
0.46258110
0.47018803
0.40968941
0.50448148
0.34413577
0.30161592
0.35584523
0.44400439
0.48309464
0.52107223
0.31441679
0.32425875
0.60532347
0.35663831
0.60532347
0.60532347
0.39742627
0.60532347
0.45267028
0.29943869
0.60532347
0.60532347
0.60532347
0.34960205
0.30930638
0.47830482
0.30873369
0.53146207
0.36403405
0.38609023
0.60532347
0.29499026
0.60532347
0.60532347
0.42637818
0.46414116
0.60532347
0.60532347
0.46789097
0.41422161
0.35929404
0.44771939
0.60532347
0.55847629
0.60532347
0.60532347
0.21211614
0.60532347
0.28436867
0.60532347
0.60532347
0.60532347
0.60532347
0.60532347
0.52250521
0.30860091
0.60532347
0.53463991
0.60532347
0.39255377
0.60532347
0.60532347
0.30475577
0.44654903
0.41078522
0.29791569
0.30348741
0.51028978
0.47229602
0.29861087
0.50855131
0.60532347
0.31491930
0.35523570
0.44437150
0.60532347
0.55888083
0.60532347
0.40250042
0.48809575
0.54630168
0.36774837
0.60532347
0.41079339
0.60532347
0.38892170
0.31293027
0.53441595
0.31507051
0.60532347
0.60532347
0.60532347
0.31268298
0.40951610
0.60532347
0.32356880
0.48611415
0.60532347
0.60532347
0.27382936
0.54643020
0.32487699
0.60532347
0.31109339
0.32303408
0.31496850
0.31452155
0.38614801
0.50810711
0.60532347
0.60532347
0.55860130
0.43968691
0.60532347
0.36834869
0.41519376
0.28831675
0.60532347
0.31399940
0.32072111
0.60532347
0.53215851
0.60532347
0.31394055
0.31031533
0.60532347
0.39321284
0.60532347
0.60532347
0.41703094
0.60532347
0.60532347
0.35302703
0.31167498
0.40828616
0.60532347
0.47761397
0.38071715
0.35414049
0.35212061
0.42998281
0.37427243
0.44217540
0.60532347
0.31211261
0.39658477
0.60532347
0.52273832
0.60532347
0.36902762
0.35207902
0.40165784
0.39262020
0.60532347
0.46101397
0.60532347
0.58217925
0.43862995
0.58252842
0.37893495
0.40498983
0.46594956
0.32100315
0.40396610
0.60532347
0.45055821
0.37376318
0.59388794
0.30296260
0.36755272
0.35488858
0.60532347
0.48680189
0.53357101
0.35878272
0.40928715
0.53447264
0.41507654
0.42134778
0.36898517
0.60532347
0.60532347
0.60532347
0.38319776
0.52966709
0.50905255
0.60532347
0.45453132
0.44199273
0.40936182
0.42880328
0.34947511
0.39143460
0.31489121
0.37559146
0.46789097
0.44071586
0.27462189
0.60532347
0.52994520
0.38477716
0.32315619
0.42420038
0.60532347
0.41286616
0.40766172
0.60532347
0.36692350
0.60532347
0.36779745
0.45218205
0.60532347
0.45489860
0.60532347
0.36020603
0.60532347
0.46114987
0.51862069
0.53467675
0.48557617
0.60532347
0.60532347
0.43061838
0.60532347
0.42635750
0.60532347
0.60532347
0.48135779
0.26468721
0.48659520
0.21962030
0.38389659
0.53462290
0.51108415
0.50177830
0.42637262
0.43930226
0.47450311
0.60532347
0.54330785
0.41634398
0.60532347
0.60532347
0.60532347
0.44790253
0.60532347
0.48656957
0.34711476
0.35780451
0.45983468
0.60532347
0.43493032
0.60532347
0.54613649
0.42844191
0.39347930
0.60532347
0.60532347
0.60532347
0.60532347
0.60532347
0.34786173
0.60532347
0.41499480
0.46036992
0.42044488
0.60532347
0.49346762
0.39209047
0.32104289
0.43163698
0.32430620
0.37422974
0.37334561
0.40873206
0.40159486
0.34929149
0.60552081
0.33909879
0.49858189
0.31524021
0.46248763
0.54488080
0.47234721
0.46257404
0.60532347
0.38005955
0.48432256
0.47727151
0.60532347
0.60532347
0.44920996
0.60532347
0.39129071
0.60532347
0.39994765
0.33316703
0.60532347
0.60532347
0.47046337
0.54651349
0.36960618
0.52223654
0.54639488
0.51019866
0.60532347
0.60532347
0.60532347
0.51871171
0.36519564
0.60532347
0.54691165
0.60532347
0.60532347
0.31380560
0.32095835
0.60532347
0.31499183
0.60532347
0.29930340
0.60532347
0.32428809
0.60532347
0.31502381
0.60532347
0.22498135
0.60532347
0.29219471
0.33571595
0.60532347
0.60532347
0.60532347
0.41424096
0.60561062
0.54542181
0.54487087
0.52934348
0.58255891
0.53329593
0.36888036
0.37493967
0.34612386
0.29049241
0.31385706
0.60532347
0.37794996
0.42347963
0.60532347
0.60532347
0.36735247
0.41776508
0.42637960
0.32568099
0.54243695
0.35147104
0.60532347
0.60532347
0.38530057
0.36807562
0.37915218
0.42107527
0.47950629
0.47449920
0.42798856
0.60532347
0.29835678
0.60532347
0.30029004
0.47408977
0.50288779
0.51018013
0.30897300
0.60532347
0.47359828
0.34733944
0.42152976
0.44492016
0.60532347
0.35100628
0.55718346
0.38621002
0.59300137
0.52262600
0.38777374
0.36944955
0.55681514
0.42669590
0.47205188
0.35306867
0.31389632
0.60532347
0.42080615
0.40072030
0.50335209
0.30917252
0.48681437
0.60532347
0.39096238
0.60532347
0.60532347
0.40259341
0.41508609
0.49776723
0.52197927
0.53325056
0.33498943
0.37870443
0.60532347
0.39399187
0.60532347
0.60507981
0.41909224
0.60532347
0.60532347
0.41792029
0.60532347
0.60532347
0.60532347
0.60532347
0.34683497
0.60532347
0.60532347
0.60532347
0.32551836
0.60532347
0.39617215
0.42384132
0.55446890
0.47405848
0.52204320
0.60532347
0.43463632
0.55373835
0.60539016
0.60503624
0.60532347
0.52328123
0.46125569
0.60532347
0.39133413
0.27429860
0.47443069
0.60532347
0.44707851
0.40366125
0.47876971
0.30736362
0.60532347
0.60532347
0.60532347
0.49019985
0.55904657
0.44845203
0.28793814
0.60532347
0.40962908
0.35788899
0.60532347
0.31435544
0.32084175
0.39202408
0.40136897
0.10646044
0.50859123
0.36834769
0.51036806
0.60532347
0.60532347
0.45351038
0.60532347
0.37930776
0.60532347
0.44586165
0.60532347
0.40208373
0.60532347
0.42714913
0.60532347
0.52197497
0.38226193
0.42855352
0.38691128
0.48568152
0.60532347
0.37926221
0.60565552
0.60538880
0.60485788
0.60477073
0.38980351
0.37578800
0.55845382
0.45052826
0.43424857
0.45744977
0.60532347
0.41131897
0.60532347
0.60532347
0.47440938
0.36879285
0.55891033
0.30542282
0.38394106
0.35541962
0.42629043
0.45232730
0.40895248
0.40041397
0.60532347
0.48611415
0.60532347
0.51028835
0.60532347
0.60532347
0.60532347
0.31125713
0.55732124
0.48411191
0.60532347
0.60532347
0.34834137
0.60532347
0.60532347
0.31431856
0.50831215
0.51947259
0.45052544
0.60532347
0.47535588
0.36594248
0.60532347
0.54670694
0.43863416
0.35778691
0.43879853
0.30181849
0.49792529
0.42015199
0.53496307
0.48740254
0.54678316
0.31727447
0.56982705
0.38359346
0.59327085
0.59246638
0.59413662
0.58251319
0.60532347
0.60532347
0.37716270
0.48659520
0.60532347
0.39178612
0.60532347
0.44435894
0.53423731
0.31389509
0.34842959
0.53432523
0.38574689
0.31391964
0.49739693
0.39390345
0.52229483
0.31373561
0.30428761
0.60532347
0.60532347
0.49249502
0.52066990
0.46705552
0.40343361
0.49888384
0.40379978
0.30934155
0.37382853
0.40564334
0.60532347
0.52282643
0.53255281
0.49606095
0.26884630
0.46890101
0.40778789
0.31498324
0.60532347
0.60532347
0.43856545
0.53377656
0.41462671
0.49601395
0.52175183
0.37487291
0.32057508
0.38016661
0.10202529
0.34643886
0.60532347
0.49287957
0.38689361
0.31517782
0.52112914
0.41994826
0.38867626
0.36707305
0.41484522
0.60532347
0.60532347
0.31337386
0.31295355
0.41015933
0.36853425
0.35629851
0.60532347
0.60532347
0.32007503
0.44568017
0.60532347
0.41537659
0.60532347
0.37497972
0.31463912
0.45115757
0.36900772
0.35767299
0.60532347
0.42914380
0.35257421
0.54639064
0.32388499
0.32363136
0.31009916
0.32559026
0.32214154
0.32497446
0.37194608
0.50526903
0.36945619
0.60532347
0.52281932
0.50507528
0.59304537
0.44645441
0.55684189
0.39176168
0.32119928
0.32456592
0.59349216
0.60532347
0.52244834
0.60532347
0.30540107
0.31281392
0.50191788
0.42719653
0.40318682
0.43421599
0.31195424
0.36232285
0.60532347
0.29947814
0.45726879
0.39949644
0.42512463
0.29577879
0.60532347
0.60532347
0.60532347
0.60532347
0.50743786
0.39499904
0.59446904
0.48606573
0.52293729
0.56901687
0.36678098
0.55832596
0.54507713
0.53373261
0.39524305
0.56940383
0.37153467
0.45611378
0.32258886
0.60532347
0.42610372
0.60532347
0.34949583
0.39638995
0.33501467
0.31378381
0.35515640
0.42798856
0.32405655
0.60532347
0.50699636
0.51108842
0.34734221
0.55909151
0.37855959
0.33540856
0.41223240
0.32517700
0.31375401
0.60532347
0.30832626
0.41381839
0.29276767
0.60532347
0.34042280
0.60532347
0.32578360
0.38980855
0.60532347
0.60532347
0.43411281
0.34643725
0.30013831
0.38446674
0.60532347
0.37929173
0.37692892
0.35439610
0.31742407
0.41451646
0.37878904
0.47153217
0.31307491
0.31187476
0.60532347
0.60532347
0.37989811
0.39266382
0.30464022
0.38127913
0.37818841
0.54738736
0.51880410
0.35553749
0.39842277
0.41489776
0.36726906
0.60532347
0.60532347
0.31545702
0.36461856
0.31178977
0.30276322
0.40038515
0.31329051
0.60532347
0.60532347
0.31192915
0.53510764
0.36896524
0.40131841
0.60532347
0.60532347
0.44405221
0.41338414
0.60532347
0.60532347
0.60532347
0.51061862
0.49109968
0.60532347
0.60532347
0.38368102
0.60532347
0.38405157
0.31492791
0.60532347
0.31113490
0.30402477
0.48680157
0.60532347
0.53478165
0.31265351
0.31268901
0.30149833
0.36623561
0.60532347
0.60532347
0.30570917
0.32424148
0.46278505
0.45834628
0.30540107
0.52954928
0.41406542
0.55897915
0.51997742
0.43817411
0.60532347
0.60532347
0.38717349
0.37580939
0.54662645
0.31271228
0.32518071
0.35487955
0.37476344
0.60532347
0.31311281
0.39798180
0.37799157
0.29835797
0.35736058
0.31418412
0.42213695
0.40597991
0.31826115
0.60570043
0.52950529
0.32524823
0.32562344
0.43862998
0.40182079
0.31445860
0.43805767
0.28527879
0.31903437
0.43052887
0.46802421
0.59259843
0.46012188
0.38121044
0.41482725
0.31857412
0.60532347
0.44964832
0.60532347
0.34581313
0.42343513
0.60532347
0.57041208
0.36625544
0.44429283
0.33909879
0.37548469
0.40345577
0.59375878
0.60532347
0.30579398
0.38267381
0.34882391
0.60532347
0.49764186
0.43788835
0.42209765
0.33466954
0.32193020
0.42555214
0.42633083
0.41484384
0.38016929
0.40045637
0.40777150
0.60532347
0.34696147
0.30004111
0.48137493
0.60532347
0.41819901
0.39169788
0.60532347
0.48564732
0.48665354
0.32138573
0.60532347
0.60532347
0.38874395
0.33391911
0.34681561
0.30781377
0.60532347
0.40772776
0.36208859
0.53281522
0.42664715
0.60532347
0.30993951
0.60532347
0.60532347
0.44791632
0.33949215
0.28158660
0.60532347
0.45059596
0.40183722
0.55585752
0.30478110
0.51942845
0.54690882
0.29568387
0.40986992
0.39949684
0.36779612
0.39712382
0.60532347
0.40822038
0.42740439
0.60532347
0.30757712
0.33984086
0.47402302
0.57086434
0.49835686
0.43760053
0.47983192
0.25237435
0.27954976
0.32483831
0.47923188
0.60532347
0.38075745
0.60532347
0.38038811
0.41372410
0.38728558
0.47383267
0.28403600
0.37779326
0.36585494
0.60532347
0.31147202
0.30398861
0.44932690
0.31407672
0.60532347
0.50985698
0.60532347
0.28154741
0.28773027
0.43204654
0.33424591
0.31421916
0.60532347
0.31432260
0.57064102
0.31431123
0.38898805
0.60532347
0.51077382
0.46899323
0.46749809
0.38020284
0.60532347
0.38416236
0.44302293
0.47440796
0.50906105
0.60532347
0.60532347
0.31691423
0.41372964
0.39778117
0.60532347
0.32332702
0.32534701
0.52853862
0.47257582
0.42751163
0.37235314
0.29402874
0.42352841
0.41514952
0.38594952
0.32130972
0.49253355
0.50923337
0.60532347
0.42291363
0.31709185
0.31267310
0.60532347
0.35862137
0.41489914
0.31328928
0.32916031
0.60532347
0.43626897
0.60532347
0.48318712
0.49268014
0.32401412
0.32521576
0.59274558
0.30257083
0.36266080
0.59321447
0.37129525
0.30227359
0.45008683
0.38984266
0.55688544
0.30904991
0.39178241
0.30883435
0.41519952
0.37073819
0.38991162
0.40258103
0.60532347
0.60532347
0.35993457
0.50847447
0.53019922
0.52241706
0.31687337
0.35973876
0.52109497
0.30064796
0.30452889
0.57023338
0.28893905
0.33649488
0.51418457
0.28746414
0.59455968
0.38743576
0.58072481
0.30392834
0.58112289
0.39648128
0.29716194
0.34689141
0.30467884
0.34630178
0.37302044
0.60556844
0.40790772
0.48676740
0.36878772
0.49775580
0.43910418
0.45091893
0.53405728
0.44705457
0.43755426
0.59435503
0.58219032
0.59339593
0.51074962
0.44048839
0.31532875
0.40200742
0.34614481
0.59389344
0.38964769
0.35195297
0.45128888
0.54632006
0.47667174
0.47489663
0.58271546
0.30369337
0.32180833
0.36683889
0.36856611
0.53468101
0.39776206
0.35494346
0.39877512
0.45062273
0.32512446
0.31637305
0.57995337
0.59277998
0.42294292
0.38015182
0.41521315
0.58162758
0.34553479
0.54414604
0.43781792
0.43797950
0.32461464
0.28277599
0.53515016
0.43884039
0.31113990
0.60532347
0.60532347
0.33514028
0.31448225
0.33007678
0.48385723
0.60532347
0.43025803
0.41269806
0.29948026
0.60532347
0.41247822
0.60532347
0.48646281
0.60532347
0.31838519
0.51753247
0.60532347
0.35621527
0.31861245
0.55754893
0.32568350
0.60532347
0.38852195
0.60532347
0.60532347
0.54382523
0.45371653
0.60532347
0.43493032
0.60532347
0.35289952
0.37803443
0.60532347
0.60532347
0.34184274
0.39509558
0.60532347
0.39709899
0.46110457
0.38761426
0.59312510
0.60541466
0.59348252
0.32530699
0.36276101
0.42602464
0.32407902
0.31525497
0.30333924
0.46295929
0.44982179
0.40292505
0.52020921
0.41455757
0.47570115
0.35831521
0.44794761
0.54654315
0.42687014
0.54683682
0.31373684
0.38403163
0.42687430
0.52328123
0.31074957
0.43012117
0.52034856
0.30307811
0.34657654
0.39206992
0.44431393
0.60532347
0.41607543
0.40351178
0.40314570
0.60532347
0.42438129
0.44085068
0.40661495
0.38062315
0.44579587
0.40259341
0.39130976
0.60532347
0.46548885
0.46413256
0.29930340
0.35763638
0.40334608
0.52273832
0.36088905
0.60532347
0.36904770
0.35833949
0.42635170
0.60532347
0.30709711
0.60532347
0.40058897
0.35017641
0.54681705
0.36448933
0.48033807
0.54708245
0.56830979
0.56830979
0.41099749
0.34137645
0.57019706
0.42889539
0.39758904
0.53442728
0.34577324
0.60532347
0.50568345
0.49874711
0.60532347
