0.369134
0.437796
0.628469
0.546687
0.412059
0.399645
0.433820
0.566208
0.363458
0.449918
0.411614
0.579596
0.416418
0.560173
0.400092
0.545499
0.607315
0.365872
0.392147
0.414208
0.439305
0.429758
0.405020
0.403702
0.569354
0.810634
0.744137
0.444616
0.540478
0.330080
0.430326
0.058643
0.633261
0.350693
0.365544
0.373044
0.396218
0.424102
0.400744
0.373097
0.428209
0.394380
0.532627
0.596211
0.450845
0.807556
0.373614
0.415605
0.426832
0.434680
0.587804
0.359990
0.797830
0.410338
0.425451
0.319465
0.453615
0.293237
0.433713
0.435774
0.612282
0.429141
0.327660
0.403304
0.434186
0.398287
0.391380
0.375550
0.407905
0.414556
0.390195
0.609277
0.347031
0.442736
0.561361
0.328049
0.351176
0.312187
0.318880
0.044095
0.338948
0.584931
0.423494
0.433265
0.405417
0.421435
0.348048
0.383824
0.447511
0.629642
0.382228
0.401705
0.357503
0.429960
0.571915
0.755364
0.376955
0.358847
0.335162
0.418452
0.404693
0.601757
0.391286
0.425647
0.517539
0.422643
0.465051
0.623403
0.376117
0.810790
0.430195
0.374530
0.372062
0.429221
0.389228
0.420226
0.547107
0.769174
0.429575
0.534402
0.580002
0.416005
0.431204
0.397959
0.340182
0.393636
0.400893
0.777481
0.403019
0.409608
0.399032
0.430904
0.380772
0.374640
0.394294
0.366912
0.336636
0.453839
0.576526
0.351578
0.520932
0.384703
0.423130
0.341458
0.548394
0.405135
0.420633
0.441572
0.309270
0.611073
0.357696
0.367477
0.405694
0.430556
0.402158
0.357582
0.779826
0.360677
0.460919
0.441351
0.420174
0.422630
0.574652
0.391050
0.286734
0.397662
0.394568
0.349673
0.379359
0.358059
0.548082
0.475384
0.385138
0.385571
0.354502
0.362488
0.739555
0.388198
0.420637
0.408943
0.436245
0.403127
0.602637
0.357597
0.425935
0.440513
0.593833
0.421383
0.458870
0.631733
0.583273
0.452092
0.385154
0.355967
0.559223
0.451990
0.305820
0.458078
0.594425
0.424502
0.599585
0.359169
0.427194
0.443631
0.436734
0.803141
0.398998
0.430605
0.462298
0.418767
0.396229
0.421538
0.364330
0.360503
0.424735
0.618736
0.601554
0.394683
0.414693
0.413477
0.737450
0.388781
0.331727
0.358713
0.396157
0.461239
0.354591
0.351524
0.411269
0.444651
0.640882
0.632888
0.422665
0.433076
0.397525
0.414493
0.419545
0.355133
0.763978
0.413825
0.432901
0.401935
0.321026
0.374354
0.507289
0.403111
0.456239
0.547647
0.535704
0.573822
0.425065
0.448720
0.456924
0.587093
0.378946
0.392761
0.232995
0.763017
0.789493
0.443771
0.402702
0.385316
0.396390
0.422188
0.407181
0.409696
0.416394
0.561038
0.449164
0.635871
0.423743
0.625442
0.355150
0.548707
0.320371
0.575671
0.769779
0.442955
0.412144
0.368714
0.317081
0.448753
0.382523
0.402473
0.747857
0.405894
0.321829
0.764063
0.435742
0.385823
0.431173
0.428484
0.429005
0.344112
0.414394
0.391360
0.337803
0.615760
0.584380
0.324148
0.548082
0.394341
0.624811
0.422125
0.746293
0.393949
0.440651
0.657525
0.363184
0.556498
0.406915
0.611401
0.400471
0.456772
0.397875
0.622382
0.367448
0.481712
0.400880
0.385578
0.475046
0.392569
0.397462
0.623263
0.447627
0.420014
0.576439
0.354828
0.432447
0.432347
0.630570
0.499439
0.584629
0.459368
0.546156
0.416078
0.413836
0.550784
0.394595
0.620111
0.756936
0.363855
0.364308
0.403511
0.405317
0.330886
0.344377
0.395144
0.279999
0.435505
0.422370
0.826807
0.411189
0.344280
0.425542
0.515688
0.439720
0.355193
0.747256
0.434829
0.431955
0.405142
0.394328
0.440456
0.407105
0.579019
0.561306
0.396012
0.398820
0.439738
0.347335
0.297597
0.416186
0.366484
0.386003
0.750667
0.437357
0.403057
0.413968
0.400973
0.522526
0.393537
0.354301
0.381672
0.596928
0.373773
0.526286
0.401592
0.360208
0.438935
0.368615
0.395247
0.367534
0.477542
0.390763
0.415248
0.374844
0.269466
0.597527
0.768202
0.602526
0.310924
0.341297
0.457033
0.450697
0.306423
0.425999
0.434586
0.393527
0.451029
0.405706
0.410428
0.319462
0.377589
0.384153
0.474546
0.410651
0.606156
0.330738
0.424873
0.361939
0.618169
0.425207
0.568666
0.609218
0.377307
0.384016
0.428505
0.438910
0.769487
0.400256
0.741019
0.349584
0.459358
0.351317
0.482809
0.614625
0.379382
0.454445
0.404320
0.276571
0.373254
0.408230
0.607034
0.365816
0.569271
0.336758
0.448594
0.589910
0.357889
0.427991
0.392997
0.393488
0.236931
0.395721
0.571839
0.770205
0.410064
0.306579
0.624508
0.574636
0.396463
0.446699
0.729868
0.343840
0.451076
0.380461
0.400320
0.536930
0.416290
0.610641
0.632212
0.415169
0.376497
0.580537
0.413933
0.400770
0.384529
0.413811
0.402760
0.457061
0.415987
0.748599
0.422163
0.320319
0.370703
0.359621
0.362217
0.330493
0.251641
0.352684
0.579220
0.653716
0.333670
0.375760
0.629379
0.556816
0.397658
0.337488
0.592620
0.440247
0.463646
0.328059
0.376356
0.430525
0.415816
0.460231
0.423514
0.402144
0.567798
0.338310
0.406351
0.394717
0.628482
0.612160
0.614408
0.657228
0.418398
0.605855
0.533362
0.075642
0.626670
0.449586
0.608694
0.617273
0.441042
0.385002
0.378524
0.316895
0.370086
0.362924
0.453880
0.393116
0.582808
0.446836
0.408046
0.574953
0.628919
0.373138
0.754928
0.430951
0.431276
0.433120
0.369957
0.423878
0.411116
0.305640
0.578212
0.449472
0.404770
0.666009
0.440673
0.390796
0.298664
0.760599
0.771628
0.343478
0.445856
0.342086
0.344700
0.414798
0.391220
0.450950
0.736269
0.758688
0.373044
0.634986
0.753596
0.312391
0.432837
0.551741
0.401683
0.605227
0.418071
0.295968
0.814263
0.422475
0.353107
0.395596
0.406331
0.614431
0.384847
0.399721
0.338692
0.356747
0.398418
0.431950
0.582955
0.405256
0.434681
0.639546
0.273747
0.433514
0.419646
0.385455
0.609630
0.398518
0.399745
0.796225
0.440555
0.481766
0.410477
0.413548
0.596820
0.403734
0.417610
0.606472
0.584476
0.403235
0.325699
0.317742
0.461504
0.232492
0.383708
0.377477
0.332380
0.360379
0.430218
0.374892
0.311147
0.368332
0.411995
0.410494
0.446564
0.311565
0.371668
0.430668
0.366674
0.465412
0.434083
0.411913
0.313027
0.382423
0.399544
0.573524
0.350227
0.462679
0.376805
0.630218
0.617458
0.583194
0.635007
0.370591
0.569665
0.442734
0.582798
0.751764
0.597716
0.412471
0.353191
0.360076
0.404096
0.381463
0.553896
0.744741
0.379891
0.378556
0.370984
0.374634
0.370992
0.450863
0.367340
0.423104
0.381950
0.379341
0.403160
0.354396
0.348074
0.449430
0.631965
0.803525
0.419775
0.553604
0.286257
0.400436
0.447103
0.451713
0.438167
0.359314
0.440749
0.762079
0.400210
0.409725
0.450941
0.414822
0.420912
0.340608
0.584164
0.377088
0.339840
0.343213
0.443631
0.398870
0.381402
0.780844
0.573175
0.373270
0.587969
0.363958
0.425864
0.513831
0.436673
0.406026
0.314392
0.772660
0.401560
0.403765
0.613101
0.400497
0.629235
0.431235
0.393016
0.358464
0.310005
0.343418
0.419967
0.401968
0.386997
0.624627
0.425561
0.569913
0.393498
0.339297
0.368573
0.326844
0.348176
0.624490
0.437245
0.371672
0.444827
0.426411
0.469633
0.401971
0.351050
0.425981
0.470188
0.394193
0.598540
0.435551
0.370963
0.423244
0.460746
0.421493
0.757228
0.612206
0.640700
0.434284
0.391530
0.353749
0.416066
0.613667
0.418681
0.731939
0.554238
0.380468
0.414768
0.384550
0.608694
0.362358
0.393393
0.382643
0.322527
0.599281
0.800729
0.423281
0.749995
0.392626
0.379580
0.404528
0.772781
0.756675
0.584643
0.419887
0.464613
0.586443
0.354211
0.430327
0.421403
0.457485
0.414130
0.812796
0.438211
0.385210
0.765384
0.361364
0.404943
0.410582
0.442437
0.382021
0.401767
0.322441
0.430502
0.412200
0.751503
0.435421
0.378823
0.348924
0.399747
0.423592
0.612909
0.365387
0.364582
0.639957
0.359962
0.299200
0.424999
0.393744
0.421776
0.053271
0.442847
0.418579
0.379646
0.414788
0.692680
0.330615
0.362027
0.758356
0.365707
0.617716
0.434181
0.413361
0.443045
0.422793
0.388482
0.371681
0.411627
0.613933
0.571839
0.416312
0.309399
0.400068
0.637513
0.469994
0.346327
0.564881
0.360287
0.442095
0.526838
0.548661
0.540830
0.580768
0.333163
0.616079
0.396924
0.391783
0.372710
0.397242
0.764200
0.613193
0.405782
0.652405
0.386009
0.439317
0.433163
0.352572
0.616502
0.412240
0.380970
0.384875
0.340376
0.553604
0.411896
0.439439
0.336310
0.435782
0.392058
0.764748
0.354976
0.336561
0.396842
0.346855
0.451535
0.435902
0.778355
0.309189
0.380404
0.428768
0.452707
0.448289
0.766961
0.594573
0.417207
0.638174
0.758519
0.394639
0.415161
0.451149
0.434772
0.612975
0.427338
0.317413
0.314482
0.757219
0.384555
0.418912
0.443744
0.592992
0.455370
0.379030
0.749059
0.371204
0.411619
0.363800
0.377132
0.759423
0.371981
0.330243
0.385886
0.440203
0.368177
0.406111
0.396222
0.599281
0.427731
0.425532
0.311314
0.383625
0.609993
0.330671
0.728218
0.616099
0.598098
0.568714
0.395920
0.612911
0.409212
0.423518
0.434937
0.546143
0.409521
0.592822
0.384646
0.427601
0.426274
0.426035
0.374616
0.585723
0.341697
0.661089
0.420381
0.411683
0.340616
0.411485
0.467536
0.418585
0.347163
0.599165
0.359976
0.420214
0.613829
0.373359
0.760105
0.436385
0.387144
0.399718
0.392523
0.447323
0.588705
0.445469
0.442062
0.422168
0.440256
0.760786
0.407033
0.624285
0.740641
0.064572
0.314758
0.428757
0.746147
0.437866
0.364037
0.415616
0.298944
0.210128
0.373004
0.418301
0.409938
0.591640
0.311673
0.390194
0.438576
0.437581
0.429781
0.440197
0.600830
0.427262
0.471343
0.545906
0.325933
0.403447
0.411403
0.431391
0.360601
0.569775
0.350787
0.379171
0.415849
0.327984
0.381557
0.444076
0.282345
0.450149
0.345934
0.604796
0.466151
0.360161
0.390654
0.453788
0.434757
0.778355
0.415265
0.587932
0.408970
0.591436
0.334551
0.822430
0.758306
0.375959
0.597393
0.436738
0.366099
0.484225
0.590298
0.373641
0.443247
0.459121
0.308563
0.350208
0.319220
0.350520
0.455174
0.419040
0.393149
0.553359
0.758346
0.386506
0.547819
0.606696
0.400902
0.432794
0.558534
0.432561
0.375587
0.617657
0.357845
0.407058
0.413310
0.412392
0.404458
0.619152
0.341815
0.400994
0.601700
0.370388
0.397318
0.795828
0.421256
0.385054
0.596584
0.351843
0.605293
0.331896
0.357674
0.810863
0.430095
0.400434
0.449368
0.411664
0.597075
0.597286
0.431433
0.326884
0.397871
0.386463
0.625620
0.378633
0.256813
0.592314
0.328296
0.434613
0.399578
0.410784
0.321520
0.575671
0.743900
0.339719
0.373472
0.357252
0.555325
0.386241
0.396503
0.354142
0.383103
0.358160
0.437392
0.541348
0.425632
0.395563
0.423954
0.617230
0.343666
0.581669
0.385599
0.423112
0.425342
0.315711
0.385570
0.425577
0.406528
0.447777
0.393380
0.616465
0.349209
0.438776
0.408582
0.593016
0.413442
0.403347
0.402918
0.759347
0.382141
0.416446
0.546775
0.358647
0.439471
0.558819
0.462267
0.389495
0.344573
0.383457
0.449952
0.412293
0.443506
0.557824
0.364518
0.374468
0.613571
0.448658
0.351682
0.439687
0.636009
0.390466
0.469981
0.352493
0.607871
0.429140
0.344280
0.363422
0.410264
0.426425
0.342207
0.422820
0.328083
0.417332
0.372647
0.348782
0.355646
0.417701
0.530982
0.393628
0.415694
0.403641
0.417409
0.370924
0.581464
0.484197
0.273394
0.418202
0.349782
0.410198
0.344767
0.718836
0.376269
0.356087
0.334748
0.340949
0.408453
0.323095
0.351738
0.359184
0.595700
0.380706
0.634366
0.416375
0.333319
0.428757
0.330551
0.457846
0.401969
0.394964
0.421880
0.560660
0.585526
0.447062
0.643911
0.327878
0.417580
0.476013
0.610593
0.409644
0.350272
0.331233
0.375779
0.652904
0.599687
0.552458
0.410597
0.628052
0.427981
0.480294
0.410823
0.384511
0.422624
0.572567
0.446438
0.613859
0.614431
0.593907
0.366787
0.414378
0.368387
0.757444
0.476594
0.439486
0.613603
0.426265
0.760855
0.606970
0.490418
0.771132
0.353771
0.435184
0.411150
0.521929
0.426835
0.585688
0.575628
0.440906
0.472362
0.294884
0.426994
0.755756
0.352464
0.436528
0.345815
0.446686
0.345852
0.644164
0.560565
0.412109
0.603922
0.658614
0.424276
0.451668
0.367647
0.365898
0.583043
0.339666
0.382213
0.404763
0.398862
0.444247
0.427364
0.411267
0.379262
0.461544
0.821686
0.437034
0.412255
0.788820
0.310364
0.465895
0.400253
0.579951
0.402017
0.569318
0.404638
0.360451
0.741053
0.449969
0.324241
0.358550
0.420649
0.418122
0.367176
0.623941
0.585407
0.443406
0.359914
0.308519
0.412582
0.410925
0.487184
0.758288
0.618660
0.343649
0.619754
0.446992
0.642243
0.453383
0.590042
0.357260
0.455472
0.451282
0.464843
0.391408
0.435315
0.417022
0.438553
0.347226
0.599699
0.415604
0.537652
0.491615
0.370468
0.356101
0.551985
0.366964
0.569365
0.652501
0.406443
0.539800
0.446865
0.757195
0.360504
0.367285
0.391984
0.620688
0.446320
0.775541
0.793361
0.438727
0.427571
0.370192
0.755841
0.412091
0.766969
0.410196
0.550543
0.610325
0.423099
0.412261
0.374693
0.425727
0.526002
0.430410
0.437570
0.417451
0.370881
0.668105
0.401754
0.374965
0.396383
0.758454
0.572333
0.807104
0.358113
0.352724
0.413505
0.377294
0.429310
0.389186
0.422688
0.755406
0.366742
0.342531
0.404225
0.472303
0.506009
0.352077
0.557209
0.397059
0.425292
0.353363
0.448772
0.325166
0.397850
0.401612
0.742975
0.589455
0.426773
0.413848
0.374456
0.373309
0.433278
0.395433
0.602482
0.422545
0.372110
0.343924
0.324810
0.769692
0.421455
0.398318
0.419748
0.353068
0.438647
0.419909
0.436691
0.443788
0.411931
0.364589
0.601712
0.425123
0.751262
0.379683
0.367240
0.403756
0.641527
0.440467
0.402870
0.419378
0.388873
0.551758
0.418973
0.326773
0.348262
0.414722
0.371347
0.419098
0.336384
0.547816
0.413517
0.411865
0.642170
0.569503
0.426246
0.388968
0.447048
0.446027
0.302769
0.351287
0.771560
0.402523
0.757047
0.564975
0.554469
0.451717
0.461311
0.451069
0.426029
0.366628
0.388357
0.554814
0.395369
0.414212
0.323191
0.393543
0.345368
0.608653
0.749357
0.345151
0.616669
0.418508
0.428660
0.370207
0.566293
0.423017
0.372272
0.594109
0.326282
0.366486
0.368713
0.561979
0.457609
0.396065
0.748083
0.619751
0.397814
0.293012
0.397832
0.380229
0.410935
0.426412
0.340930
0.327587
0.393081
0.452633
0.457613
0.378283
0.389501
0.358300
0.429253
0.384073
0.406446
0.413232
0.589361
0.430031
0.760248
0.382180
0.420314
0.369745
0.411446
0.241687
0.371305
0.448058
0.400121
0.327144
0.632220
0.452647
0.589247
0.427630
0.429013
0.455555
0.757888
0.380180
0.433601
0.383845
0.351076
0.346576
0.394363
0.393548
0.363969
0.413551
0.590592
0.362797
0.768135
0.387465
0.353039
0.423011
0.304762
0.367267
0.441153
0.415177
0.365744
0.343080
0.372223
0.349312
0.345762
0.360975
0.371134
0.449632
0.448892
0.412898
0.450692
0.385464
0.355565
0.558189
0.310537
0.375492
0.426626
0.389158
0.428631
0.426927
0.417168
0.390738
0.423527
0.385496
0.615352
0.765318
0.359572
0.611396
0.395081
0.406443
0.403595
0.567716
0.350866
0.596656
0.422402
0.387606
0.385773
0.386780
0.611810
0.446456
0.758694
0.395403
0.418249
0.602657
0.802523
0.397836
0.406039
0.381933
0.385633
0.415486
0.397082
0.436392
0.424289
0.386743
0.590067
0.341405
0.464221
0.386056
0.363995
0.351867
0.423407
0.596354
0.323547
0.303070
0.355167
0.387411
0.653716
0.334935
0.398407
0.338471
0.455611
0.366226
0.424162
0.380519
0.417823
0.439322
0.357569
0.425286
0.455671
0.381833
0.350618
0.542704
0.416468
0.354019
0.475092
0.409339
0.348312
0.599678
0.404472
0.461261
0.470209
0.384379
0.399499
0.594298
0.413948
0.350214
0.394583
0.447769
0.406340
0.570890
0.435003
0.445728
0.413185
0.391300
0.333999
0.388296
0.406123
0.638312
0.345649
0.447041
0.334511
0.421061
0.414940
0.411969
0.426530
0.368369
0.360500
0.424160
0.808572
0.462595
0.422172
0.789837
0.419712
0.423573
0.383750
0.383926
0.255231
0.441737
0.353775
0.449658
0.326393
0.562544
0.374804
0.617833
0.388756
0.421466
0.337550
0.475922
0.376418
0.460829
0.775832
0.260714
0.361988
0.391565
0.396745
0.401508
0.438841
0.616747
0.249539
0.491310
0.380584
0.427727
0.451406
0.449515
0.404950
0.348424
0.056895
0.416848
0.410033
0.413450
0.404440
0.349127
0.365223
0.609053
0.521605
0.397330
0.442199
0.404217
0.320360
0.426298
0.458200
0.407662
0.455133
0.423710
0.430311
0.395064
0.381623
0.473614
0.412549
0.615153
0.812238
0.370092
0.772021
0.447263
0.542490
0.654265
0.452912
0.445849
0.775616
0.433888
0.452305
0.455147
0.759617
0.416627
0.399728
0.420723
0.417460
0.415400
0.412707
0.470342
0.399438
0.429226
0.415897
0.403931
0.355658
0.396536
0.427284
0.401552
0.435568
0.618213
0.383037
0.558543
0.420498
0.238693
0.443208
0.407065
0.654500
0.459221
0.594215
0.595452
0.578442
0.359580
0.564384
0.351207
0.328635
0.358915
0.330196
0.424877
0.407159
0.423585
0.356531
0.623820
0.421795
0.350814
0.378511
0.301400
0.341678
0.491123
0.602675
0.757339
0.445546
0.597986
0.324757
0.254660
0.380342
0.414472
0.373430
0.604478
0.358302
0.411186
0.324327
0.365666
0.423030
0.397334
0.527902
0.534803
0.200630
0.388721
0.366899
0.752000
0.425106
0.364066
0.331853
0.437734
0.403924
0.314535
0.428589
0.334013
0.404642
0.423443
0.409602
0.402895
0.385682
0.462882
0.615424
0.390527
0.373315
0.416531
0.372518
0.746162
0.603782
0.415553
0.370278
0.391759
0.220320
0.636587
0.420126
0.506716
0.829022
0.370267
0.338551
0.614914
0.407457
0.358825
0.633711
0.416825
0.415275
0.737994
0.393988
0.610228
0.220198
0.423295
0.418055
0.638177
0.422851
0.280801
0.234383
0.587969
0.380815
0.645072
0.416015
0.449124
0.759475
0.355978
0.624287
0.383325
0.403298
0.429219
0.377920
0.345315
0.387688
0.598914
0.403149
0.411496
0.413485
0.802529
0.566033
0.338723
0.383134
0.378822
0.417271
0.353752
0.447037
0.422524
0.382496
0.401829
0.392624
0.758521
0.319041
0.654364
0.381994
0.758391
0.781412
0.589369
0.435684
0.462735
0.449122
0.547045
0.595446
0.415974
0.380499
0.613911
0.417976
0.640956
0.605144
0.566524
0.434250
0.347726
0.588686
0.332510
0.402311
0.459670
0.582675
0.452000
0.341499
0.368819
0.363079
0.346041
0.354797
0.551583
0.529341
0.531243
0.357139
0.369337
0.381509
0.359291
0.758391
0.370057
0.397766
0.579001
0.580426
0.502289
0.441738
0.423719
0.583227
0.410443
0.305816
0.382915
0.447848
0.415429
0.424066
0.425262
0.372683
0.758620
0.584833
0.459776
0.399396
0.431453
0.445177
0.385262
0.374178
0.456442
0.373195
0.420415
0.332960
0.365781
0.328074
0.394157
0.343095
0.407547
0.428451
0.368221
0.577148
0.399123
0.428011
0.412690
0.413493
0.419456
0.384116
0.432733
0.433913
0.327270
0.348048
0.352774
0.396189
0.390888
0.421829
0.402034
0.616776
0.388117
0.615588
0.426342
0.421411
0.573717
0.359680
0.759069
0.312440
0.632556
0.381384
0.563529
0.403140
0.353073
0.612042
0.608270
0.382606
0.415616
0.632474
0.435010
0.438083
0.439080
0.411660
0.395642
0.420279
0.388622
0.319121
0.452629
0.349340
0.379105
0.462358
0.436361
0.385135
0.380345
0.456929
0.371712
0.392951
0.400434
0.442538
0.404986
0.389785
0.407412
0.396141
0.403601
0.421457
0.771694
0.388064
0.404509
0.349965
0.380281
0.420467
0.372674
0.360931
0.383358
0.443320
0.578118
0.351814
0.411501
0.387021
0.747498
0.608575
0.374838
0.329289
0.313286
0.333633
0.419196
0.423172
0.359876
0.584107
0.425718
0.457563
0.418217
0.451558
0.364451
0.430739
0.574146
0.440412
0.433346
0.392341
0.446147
0.355056
0.352063
0.375132
0.423225
0.343834
0.585864
0.399239
0.407529
0.359217
0.444797
0.771796
0.552589
0.415240
0.394418
0.362935
0.541159
0.360775
0.427714
0.581548
0.386646
0.402381
0.422303
0.404690
0.607258
0.802627
0.660860
0.420843
0.408958
0.740389
0.754599
0.310694
0.407803
0.367086
0.314762
0.046805
0.409292
0.576528
0.540385
0.356700
0.321164
0.769017
0.399630
0.396470
0.403281
0.427885
0.379032
0.394703
0.391423
0.393925
0.422959
0.449834
0.381036
0.456893
0.412826
0.411726
0.387041
0.595912
0.357530
0.382597
0.385397
0.391660
0.454343
0.566370
0.366500
0.445985
0.598426
0.363680
0.455517
0.387189
0.358636
0.395829
0.360088
0.402632
0.398145
0.409154
0.341383
0.448980
0.364882
0.402572
0.331277
0.649774
0.423300
0.428762
0.372761
0.321238
0.405426
0.363085
0.404894
0.448113
0.303297
0.534082
0.335868
0.391140
0.373556
0.408270
0.427337
0.302838
0.414546
0.440654
0.602675
0.425494
0.328952
0.462541
0.449111
0.322171
0.399316
0.442878
0.396875
0.430982
0.411561
0.404839
0.341680
0.496611
0.388015
0.372479
0.342573
0.457006
0.393669
0.364406
0.429757
0.560909
0.600241
0.418224
0.781374
0.393414
0.375014
0.343721
0.771055
0.435282
0.353383
0.403692
0.410955
0.658357
0.384768
0.339511
0.351407
0.420148
0.368501
0.745628
0.323285
0.325627
0.358026
0.407130
0.403530
0.440849
0.344470
0.374368
0.441850
0.434247
0.361177
0.361844
0.618438
0.394890
0.370352
0.391966
0.405765
0.439242
0.351317
0.351601
0.553928
0.392279
0.405048
0.365414
0.743970
0.326648
0.398605
0.383872
0.384991
0.376832
0.577934
0.453998
0.391014
0.434117
0.395636
0.394498
0.812781
0.758046
0.347342
0.423583
0.754584
0.362486
0.322286
0.359469
0.438656
0.420302
0.453461
0.383589
0.437112
0.385228
0.407988
0.446341
0.464786
0.760022
0.389279
0.358770
0.420377
0.430395
0.450109
0.309946
0.615461
0.271645
0.620771
0.438802
0.328705
0.370304
0.421765
0.428305
0.759626
0.413730
0.416826
0.313289
0.417383
0.384963
0.359150
0.403132
0.443587
0.358557
0.438910
0.386454
0.404437
0.380792
0.501993
0.347987
0.590961
0.447503
0.422633
0.746232
0.418739
0.442775
0.445194
0.463059
0.407759
0.253406
0.414399
0.048833
0.418508
0.432039
0.391473
0.348746
0.362767
0.446989
0.346645
0.357073
0.758495
0.450061
0.383318
0.782553
0.619356
0.446430
0.403091
0.800856
0.357657
0.404151
0.248510
0.414803
0.372525
0.371265
0.413383
0.387316
0.322673
0.393259
0.362663
0.400990
0.467120
0.613860
0.427595
0.351780
0.409495
0.402027
0.432045
0.346319
0.624680
0.447373
0.608137
0.420641
0.370702
0.365548
0.374339
0.405598
0.397838
0.592388
0.367349
0.425358
0.339956
0.372898
0.619754
0.438759
0.379857
0.538284
0.380854
0.343020
0.449949
0.415833
0.361812
0.623628
0.369267
0.464302
0.515860
0.589910
0.365269
0.468924
0.574452
0.446066
0.305731
0.419854
0.398573
0.453100
0.345796
0.593601
0.392051
0.412473
0.414334
0.329318
0.453350
0.386600
0.548909
0.461825
0.389158
0.755676
0.357351
0.342217
0.820092
0.413161
0.465340
0.600897
0.328871
0.566254
0.396651
0.262595
0.444931
0.365328
0.341205
0.612160
0.409422
0.359842
0.345536
0.454206
0.444174
0.332455
0.391052
0.373308
0.624704
0.306324
0.607942
0.640079
0.579220
0.392173
0.437377
0.358361
0.375227
0.397164
0.394323
0.599353
0.457545
0.360862
0.381908
0.407681
0.353267
0.396675
0.416427
0.821073
0.384843
0.356109
0.591179
0.497092
0.356503
0.345916
0.347538
0.373569
0.335310
0.392812
0.354454
0.465218
0.390876
0.566029
0.389113
0.397246
0.429362
0.334461
0.433298
0.404373
0.391982
0.379350
0.354755
0.301975
0.433096
0.443535
0.753275
0.564287
0.400248
0.360856
0.396647
0.421049
0.436257
0.417999
0.386952
0.371080
0.418727
0.361917
0.601999
0.377687
0.521522
0.698566
0.607183
0.554191
0.619578
0.416691
0.582953
0.333326
0.414441
0.434211
0.565544
0.318953
0.406325
0.385794
0.380300
0.761666
0.486177
0.311587
0.412115
0.388700
0.410098
0.411553
0.388531
0.413586
0.435970
0.276396
0.418894
0.609630
0.390362
0.576616
0.379512
0.447833
0.413661
0.623100
0.413724
0.427137
0.341333
0.389373
0.265159
0.503272
0.427832
0.574908
0.610078
0.347707
0.326514
0.403402
0.400513
0.430086
0.396785
0.431636
0.588446
0.735562
0.755721
0.332939
0.406726
0.358489
0.430644
0.426162
0.413486
0.376381
0.577311
0.343941
0.592182
0.352214
0.564926
0.379688
0.327516
0.307322
0.412031
0.583838
0.369887
0.616836
0.357323
0.744253
0.395702
0.360620
0.350377
0.733188
0.348358
0.558336
0.333033
0.392784
0.412558
0.365986
0.632669
0.409248
0.648841
0.375884
0.413094
0.392388
0.367004
0.433652
0.397126
0.567442
0.768014
0.467111
0.449259
0.407996
0.297958
0.590976
0.358820
0.348640
0.575705
0.609045
0.363003
0.629331
0.450785
0.364200
0.443020
0.407177
0.411187
0.382524
0.602128
0.575880
0.285195
0.408362
0.393092
0.597296
0.445497
0.377396
0.401117
0.625139
0.379570
0.427286
0.385888
0.392635
0.399790
0.321539
0.603560
0.470249
0.543295
0.448304
0.431499
0.358955
0.403326
0.419123
0.393628
0.785789
0.370050
0.455409
0.476214
0.449720
0.398575
0.768379
0.402863
0.779104
0.416355
0.358396
0.338268
0.433127
0.447869
0.817413
0.572148
0.395670
0.515580
0.405896
0.370382
0.744333
0.324402
0.631733
0.613034
0.305452
0.383563
0.553604
0.623249
0.398665
0.405419
0.442277
0.381194
0.389986
0.436680
0.398094
0.352976
0.333628
0.375050
0.822451
0.285740
0.450303
0.467152
0.346678
0.368465
0.559557
0.567413
0.394614
0.340231
0.540323
0.350455
0.319665
0.434265
0.581813
0.422511
0.427005
0.347980
0.377500
0.567046
0.394842
0.407164
0.335243
0.401470
0.399831
0.419879
0.557180
0.580830
0.413002
0.388620
0.416658
0.394899
0.415093
0.447261
0.756352
0.460242
0.399681
0.572432
0.204230
0.757444
0.413822
0.356148
0.389107
0.453078
0.596403
0.388452
0.420459
0.385173
0.424727
0.441266
0.602438
0.451409
0.405270
0.792047
0.390390
0.598139
0.401322
0.409400
0.406115
0.040031
0.564057
0.433171
0.350786
0.750364
0.418685
0.412035
0.426144
0.429032
0.401449
0.820659
0.385077
0.404125
0.340299
0.339401
0.368049
0.561321
0.405124
0.560585
0.399373
0.439357
0.429013
0.447059
0.374652
0.361836
0.434511
0.459131
0.642917
0.459845
0.444678
0.376348
0.432129
0.498091
0.423184
0.386423
0.418054
0.406603
0.452773
0.426308
0.425082
0.399994
0.613034
0.381387
0.370492
0.440413
0.650038
0.441330
0.362581
0.388649
0.196672
0.420197
0.400398
0.432743
0.564079
0.819902
0.634480
0.335175
0.352200
0.375455
0.412801
0.382854
0.403648
0.372111
0.464415
0.635907
0.390040
0.413236
0.411224
0.391439
0.434268
0.360095
0.787687
0.449229
0.471134
0.428345
0.429558
0.360232
0.365937
0.446280
0.450292
0.426947
0.396175
0.388301
0.385335
0.621283
0.430860
0.386751
0.413329
0.413403
0.610654
0.351726
0.413285
0.569310
0.423263
0.378969
0.596358
0.340001
0.449291
0.397026
0.242460
0.417375
0.447347
0.351204
0.326066
0.447843
0.384497
0.384472
0.348800
0.446190
0.559462
0.626408
0.658425
0.370289
0.405166
0.357026
0.445072
0.770201
0.410543
0.447626
0.563506
0.439490
0.431930
0.578283
0.347993
0.657276
0.422606
0.600055
0.587236
0.754271
0.405359
0.575472
0.446582
0.416392
0.354910
0.382039
0.442340
0.381589
0.485843
0.375856
0.758536
0.386009
0.409552
0.357471
0.396685
0.575731
0.355836
0.443418
0.362596
0.422682
0.445714
0.378290
0.384361
0.568695
0.571504
0.415766
0.581986
0.768967
0.341310
0.625265
0.368695
0.369008
0.609672
0.443904
0.341268
0.739125
0.450373
0.365436
0.366342
0.408406
0.379356
0.359471
0.414393
0.311743
0.546942
0.455171
0.383867
0.401633
0.446417
0.424430
0.372494
0.411790
0.419381
0.303991
0.428600
0.418096
0.363977
0.408999
0.448167
0.366483
0.637792
0.256317
0.491952
0.428070
0.411644
0.736185
0.445079
0.419857
0.432602
0.356505
0.627570
0.445717
0.396706
0.463457
0.592507
0.413104
0.416828
0.320707
0.332355
0.582278
0.435224
0.422742
0.343798
0.401680
0.369397
0.429443
0.370814
0.430944
0.285976
0.318259
0.540081
0.600719
0.428788
0.391330
0.290581
0.429841
0.380703
0.341078
0.386783
0.407370
0.418890
0.316814
0.511463
0.409479
0.467900
0.439950
0.345605
0.397213
0.617596
0.429181
0.310219
0.414434
0.574749
0.606472
0.763395
0.808706
0.579596
0.400320
0.394864
0.387334
0.335336
0.605598
0.401571
0.535092
0.540864
0.484833
0.659112
0.386429
0.458355
0.642917
0.591064
0.612651
0.393446
0.389045
0.450926
0.383371
0.402273
0.324170
0.327683
0.412847
0.420161
0.606032
0.434282
0.396956
0.397342
0.364450
0.320837
0.386826
0.387496
0.342815
0.749775
0.312026
0.612679
0.403291
0.354783
0.414587
0.354440
0.349300
0.442098
0.385776
0.422946
0.797329
0.760732
0.409074
0.367188
0.376884
0.413859
0.572439
0.412124
0.409188
0.352584
0.400427
0.428495
0.421775
0.379491
0.340698
0.432826
0.633945
0.373070
0.330019
0.419116
0.409889
0.385587
0.375750
0.343667
0.367550
0.462601
0.355786
0.747527
0.636715
0.424556
0.404541
0.341283
0.327876
0.411756
0.444776
0.358858
0.418765
0.360806
0.437143
0.360507
0.385134
0.651973
0.349189
0.575060
0.333587
0.388187
0.434660
0.633994
0.674279
0.391681
0.474264
0.768805
0.448769
0.291689
0.273053
0.266241
0.368361
0.408250
0.383621
0.394416
0.434717
0.476021
0.399890
0.378385
0.426381
0.405233
0.571752
0.384717
0.437353
0.374239
0.447461
0.419200
0.433996
0.403840
0.350989
0.451569
0.422573
0.385036
0.393397
0.442537
0.308657
0.422566
0.391606
0.390780
0.371496
0.390998
0.321677
0.458214
0.360313
0.451981
0.801755
0.264362
0.590870
0.421762
0.374655
0.413370
0.406973
0.420673
0.407793
0.419616
0.459159
0.348700
0.361416
0.372549
0.444929
0.390886
0.578487
0.809545
0.777011
0.368186
0.582309
0.208780
0.613984
0.404765
0.437077
0.433112
0.445398
0.757408
0.460363
0.617673
0.362675
0.383093
0.545031
0.586876
0.324641
0.800582
0.399552
0.617616
0.449951
0.602077
0.407777
0.334051
0.805700
0.407768
0.417176
0.386762
0.665611
0.727170
0.414851
0.329610
0.349626
0.615242
0.367614
0.373434
0.399477
0.334752
0.406261
0.634452
0.418854
0.369596
0.364956
0.744401
0.813562
0.618749
0.614443
0.542409
0.575396
0.815249
0.452386
0.422084
0.588012
0.415027
0.571752
0.439183
0.612854
0.373195
0.379007
0.415431
0.342490
0.612927
0.414314
0.371593
0.419417
0.447001
0.398412
0.405640
0.394753
0.562259
0.529787
0.429755
0.411328
0.746211
0.260274
0.328572
0.365547
0.372015
0.383997
0.316021
0.371062
0.522419
0.406219
0.398085
0.402787
0.448553
0.393623
0.329093
0.395012
0.422857
0.423860
0.417828
0.468516
0.362021
0.437394
0.407683
0.597700
0.340559
0.422795
0.442629
0.745948
0.439878
0.443311
0.572793
0.394768
0.405873
0.333288
0.338161
0.770230
0.416491
0.385471
0.605169
0.421520
0.344955
0.392745
0.787401
0.755553
0.440766
0.326853
0.403774
0.327495
0.383621
0.595258
0.588190
0.387497
0.413501
0.425909
0.381810
0.394874
0.318438
0.614698
0.330985
0.398553
0.758033
0.438202
0.371657
0.569632
0.492752
0.430132
0.425800
0.454166
0.562064
0.321475
0.403048
0.461654
0.231914
0.416200
0.569365
0.381804
0.740340
0.358494
0.399981
0.330420
0.646180
0.423971
0.763589
0.569354
0.405413
0.352678
0.626622
0.379877
0.342607
0.451607
0.622707
0.342121
0.386464
0.598884
0.413615
0.393347
0.292724
0.382157
0.441000
0.434535
0.389545
0.473527
0.326619
0.419449
0.420604
0.438990
0.418425
0.360093
0.413435
0.444466
0.768646
0.553718
0.392132
0.422997
0.411011
0.426283
0.328432
0.336465
0.401903
0.381040
0.431174
0.396564
0.370817
0.559557
0.616776
0.443996
0.372599
0.048059
0.418783
0.342926
0.393120
0.389855
0.403548
0.529287
0.433390
0.380422
0.424550
0.422510
0.437945
0.381371
0.421573
0.303832
0.562303
0.602803
0.395117
0.367755
0.392896
0.421096
0.350048
0.423146
0.396755
0.605169
0.453926
0.414231
0.364775
0.378605
0.319853
0.371684
0.363315
0.401695
0.400728
0.382561
0.383463
0.440901
0.375123
0.383248
0.370792
0.425164
0.402874
0.589440
0.430528
0.414340
0.350359
0.375432
0.354671
0.575651
0.570166
0.408344
0.597700
0.431033
0.406641
0.407210
0.304719
0.358346
0.336877
0.429888
0.447227
0.385939
0.457818
0.770205
0.424815
0.342688
0.359263
0.413719
0.624565
0.405735
0.394669
0.353403
0.802161
0.634140
0.612202
0.195187
0.351641
0.426059
0.441214
0.571262
0.412343
0.323476
0.433980
0.602702
0.458184
0.814570
0.365153
0.319454
0.333002
0.403444
0.345876
0.375378
0.428895
0.608517
0.068802
0.381673
0.564097
0.353816
0.402921
0.750560
0.388840
0.748456
0.357055
0.298599
0.391221
0.466431
0.296168
0.385411
0.483549
0.173063
0.353610
0.822528
0.573219
0.445237
0.417309
0.370717
0.623100
0.409263
0.461593
0.431953
0.419568
0.606032
0.652904
0.388935
0.375086
0.449169
0.596973
0.320542
0.583021
0.388688
0.363781
0.394561
0.339962
0.366542
0.415079
0.389298
0.418210
0.523579
0.402481
0.420806
0.620755
0.387007
0.356203
0.369745
0.605836
0.441409
0.432674
0.378968
0.592209
0.043784
0.334224
0.569024
0.412793
0.383694
0.394327
0.397610
0.376265
0.378933
0.402221
0.563335
0.310187
0.368892
0.405463
0.394110
0.355789
0.812129
0.363857
0.413044
0.425908
0.397175
0.327675
0.432225
0.426077
0.427299
0.372924
0.364202
0.632519
0.375962
0.460965
0.392497
0.633989
0.758848
0.439990
0.504093
0.650717
0.445941
0.446327
0.550912
0.423833
0.549070
0.404957
0.412717
0.441200
0.606300
0.397640
0.484650
0.362975
0.414627
0.360667
0.384977
0.388127
0.369895
0.612996
0.383044
0.454070
0.458229
0.248873
0.560420
0.417928
0.385229
0.421317
0.425852
0.456775
0.588466
0.480755
0.352187
0.574025
0.392777
0.455966
0.415536
0.414173
0.444935
0.393827
0.350235
0.372674
0.326100
0.372813
0.423198
0.457252
0.380163
0.412943
0.357222
0.555274
0.372938
0.350284
0.385509
0.545906
0.371186
0.410643
0.331468
0.561504
0.378966
0.585945
0.467218
0.452213
0.358440
0.607440
0.355826
0.582870
0.563370
0.377422
0.358444
0.341528
0.316068
0.415550
0.607549
0.424906
0.551601
0.391102
0.589590
0.580419
0.411666
0.448818
0.444313
0.717893
0.755289
0.407955
0.445924
0.428628
0.754399
0.324107
0.416174
0.336365
0.422095
0.159546
0.410917
0.568133
0.339381
0.527277
0.445882
0.428564
0.394458
0.377948
0.328094
0.743490
0.419133
0.344843
0.811879
0.408941
0.649073
0.347200
0.455656
0.046394
0.369159
0.433301
0.325885
0.379915
0.352602
0.429159
0.416084
0.408112
0.378462
0.440893
0.361238
0.413564
0.446359
0.672500
0.399315
0.626335
0.430039
0.359881
0.315959
0.433103
0.401954
0.340952
0.398630
0.411092
0.337514
0.397122
0.446486
0.475695
0.427686
0.442660
0.399171
0.388610
0.357209
0.327785
0.399920
0.412732
0.415756
0.400818
0.425792
0.461139
0.395359
0.354393
0.403302
0.413666
0.602583
0.628830
0.755425
0.403303
0.407921
0.387966
0.575232
0.755217
0.611869
0.614644
0.441781
0.621860
0.374206
0.379595
0.589332
0.322791
0.382079
0.424260
0.607423
0.439388
0.477815
0.376764
0.372266
0.318864
0.409077
0.350028
0.414792
0.428183
0.451051
0.389198
0.425314
0.436183
0.331392
0.315662
0.413162
0.421908
0.592051
0.377945
0.387966
0.425532
0.379289
0.403106
0.448445
0.542104
0.400498
0.384238
0.439158
0.372235
0.341169
0.403606
0.398381
0.370569
0.400221
0.360602
0.374617
0.337745
0.348842
0.416417
0.403945
0.809883
0.375416
0.435643
0.379418
0.412317
0.410343
0.337473
0.602081
0.381246
0.449920
0.375376
0.358858
0.411195
0.711404
0.438116
0.375549
0.399068
0.464702
0.391348
0.426144
0.633798
0.743451
0.393685
0.442728
0.438547
0.414755
0.380517
0.722592
0.402162
0.434223
0.393363
0.614583
0.391831
0.369811
0.415137
0.390518
0.746214
0.403821
0.389878
0.398743
0.394972
0.365742
0.382429
0.409304
0.467722
0.380171
0.511579
0.360859
0.398833
0.452209
0.282060
0.390735
0.443388
0.592075
0.378225
0.362875
0.621752
0.638863
0.388923
0.357934
0.437577
0.427640
0.340370
0.345802
0.440789
0.416432
0.365734
0.792126
0.443510
0.382518
0.413583
0.388031
0.439174
0.583715
0.449734
0.570852
0.328449
0.346526
0.411863
0.445438
0.368461
0.458189
0.742638
0.412052
0.435641
0.410030
0.415915
0.377852
0.450392
0.390062
0.344729
0.447247
0.608886
0.431159
0.629924
0.736930
0.353666
0.412295
0.417672
0.410434
0.492152
0.461168
0.466816
0.618480
0.584119
0.350985
0.378059
0.543226
0.430665
0.323291
0.361054
0.419125
0.409391
0.412411
0.325859
0.399163
0.383907
0.528167
0.394183
0.393722
0.454021
0.353990
0.770703
0.419966
0.399106
0.368590
0.337003
0.364098
0.348290
0.399109
0.445137
0.455834
0.371092
0.376532
0.599114
0.380276
0.601879
0.549794
0.761094
0.411794
0.316813
0.364017
0.741095
0.458015
0.446475
0.384816
0.335120
0.422615
0.450899
0.380171
0.431112
0.661155
0.402178
0.361247
0.392213
0.575286
0.593964
0.748069
0.433948
0.442586
0.615352
0.443531
0.446248
0.404617
0.460263
0.361614
0.406769
0.430884
0.409925
0.449763
0.349120
0.423212
0.442388
0.343108
0.338009
0.378415
0.333786
0.363979
0.408047
0.439082
0.616767
0.245318
0.333566
0.463615
0.380680
0.588808
0.771398
0.391849
0.611022
0.397641
0.440596
0.578281
0.359152
0.637278
0.379543
0.437924
0.432947
0.408415
0.402048
0.402709
0.207604
0.415856
0.374606
0.395949
0.545906
0.443124
0.441918
0.466710
0.443548
0.261313
0.416271
0.370220
0.412883
0.428320
0.399620
0.456451
0.363224
0.756372
0.291938
0.346688
0.460682
0.756814
0.358227
0.751589
0.745549
0.396855
0.770495
0.063917
0.514970
0.460636
0.484301
0.361385
0.400977
0.353230
0.402636
0.364417
0.379884
0.764893
0.389030
0.620879
0.424558
0.328535
0.589678
0.357686
0.300315
0.817123
0.625255
0.553875
0.451340
0.365583
0.407657
0.568666
0.391972
0.449258
0.398766
0.455112
0.624012
0.376826
0.412215
0.343470
0.723427
0.393591
0.335777
0.436381
0.446843
0.370960
0.385472
0.371293
0.437751
0.396765
0.364370
0.350150
0.384707
0.402412
0.401589
0.414186
0.331403
0.366446
0.432262
0.316311
0.591148
0.418523
0.347137
0.379793
0.548051
0.394350
0.401245
0.409752
0.452515
0.622047
0.292242
0.409055
0.419666
0.480421
0.393728
0.350928
0.396644
0.411884
0.390682
0.349918
0.440584
0.430657
0.649569
0.615924
0.393580
0.621780
0.330379
0.405391
0.432846
0.411222
0.409193
0.426315
0.417889
0.354073
0.345099
0.424064
0.443754
0.606810
0.381849
0.546221
0.564104
0.432464
0.413116
0.358605
0.330654
0.343747
0.390440
0.762771
0.458272
0.356504
0.315142
0.612131
0.367295
0.433913
0.376978
0.757797
0.618839
0.399147
0.410223
0.444559
0.395571
0.388641
0.368471
0.354719
0.415124
0.276385
0.458758
0.445361
0.447278
0.382316
0.411714
0.593524
0.355276
0.570707
0.401886
0.630071
0.395155
0.343058
0.388443
0.382924
0.450060
0.456339
0.382188
0.409654
0.413229
0.326449
0.413578
0.411642
0.612535
0.353099
0.612042
0.392783
0.742131
0.272058
0.373053
0.381045
0.472511
0.326405
0.383027
0.343153
0.437113
0.398213
0.579950
0.280354
0.290649
0.533566
0.399075
0.336190
0.380316
0.384602
0.440696
0.778245
0.750069
0.219548
0.372305
0.409129
0.448231
0.364183
0.371063
0.379020
0.595912
0.356514
0.557882
0.347310
0.336867
0.322282
0.395670
0.404017
0.389506
0.377488
0.353840
0.395087
0.595025
0.740465
0.289678
0.363139
0.759798
0.763405
0.389404
0.421038
0.368734
0.380200
0.370940
0.624444
0.422928
0.366715
0.365376
0.405132
0.810350
0.630676
0.582545
0.402082
0.395137
0.650318
0.353359
0.465772
0.432632
0.372253
0.399267
0.370135
0.458179
0.640882
0.449042
0.358390
0.436536
0.392692
0.634820
0.363941
0.409244
0.822964
0.334981
0.429371
0.364998
0.448468
0.424013
0.442967
0.436302
0.554482
0.101874
0.452187
0.313811
0.354281
0.451015
0.385227
0.364480
0.354449
0.583303
0.387411
0.411133
0.356439
0.389819
0.424070
0.744630
0.378685
0.401546
0.291380
0.386187
0.356822
0.356207
0.565834
0.392137
0.437796
0.270376
0.401645
0.343147
0.373916
0.536072
0.341230
0.622130
0.372853
0.439982
0.481063
0.457261
0.445781
0.754895
0.436169
0.521096
0.369870
0.317630
0.589882
0.383889
0.337605
0.377354
0.390060
0.361824
0.359851
0.387976
0.614347
0.346700
0.295108
0.637166
0.276472
0.338363
0.403553
0.343837
0.352142
0.276581
0.418371
0.400069
0.457499
0.603327
0.561238
0.563280
0.379271
0.352488
0.554238
0.595446
0.409497
0.452245
0.423557
0.419343
0.601709
0.594547
0.435869
0.395354
0.421046
0.736362
0.426871
0.308946
0.544354
0.420929
0.729157
0.529787
0.605246
0.391980
0.583929
0.584397
0.382194
0.411980
0.426562
0.408612
0.355965
0.371786
0.366961
0.400000
0.365444
0.611162
0.371721
0.328724
0.386728
0.456542
0.748765
0.578118
0.364585
0.406494
0.366067
0.308760
0.398074
0.383512
0.417190
0.396635
0.607423
0.454781
0.416176
0.769844
0.349616
0.372318
0.399364
0.427767
0.318244
0.444692
0.413284
0.450576
0.616050
0.428112
0.404649
0.348744
0.419691
0.450988
0.358403
0.367085
0.403593
0.410220
0.415926
0.239262
0.318922
0.747170
0.381892
0.410684
0.421650
0.438913
0.370870
0.554068
0.617429
0.459297
0.430395
0.395940
0.269692
0.391488
0.647607
0.413672
0.392477
0.633484
0.434653
0.616199
0.759977
0.378822
0.759781
0.427664
0.334285
0.351826
0.366115
0.360632
0.603006
0.394833
0.419474
0.601709
0.349445
0.424713
0.445448
0.431833
0.342150
0.456728
0.378656
0.416527
0.395602
0.389849
0.404649
0.413870
0.427424
0.613854
0.580093
0.581669
0.423913
0.762934
0.456412
0.406443
0.399381
0.421973
0.063967
0.397171
0.387113
0.611363
0.375439
0.670589
0.431420
0.421293
0.397765
0.293333
0.353680
0.458657
0.423179
0.402654
0.465658
0.373279
0.599421
0.423907
0.615583
0.400771
0.394437
0.354514
0.443711
0.444128
0.462221
0.455128
0.361011
0.399282
0.432951
0.389949
0.430236
0.428587
0.747775
0.354267
0.359233
0.385052
0.411399
0.410115
0.418719
0.630710
0.406029
0.119857
0.417669
0.411926
0.321961
0.756983
0.366059
0.408392
0.387864
0.626590
0.439915
0.319005
0.367549
0.555824
0.452355
0.378121
0.317603
0.394122
0.392470
0.398311
0.416839
0.391058
0.363639
0.382377
0.393811
0.759857
0.748340
0.392409
0.390796
0.603990
0.559098
0.614347
0.348372
0.361715
0.347141
0.347093
0.356282
0.432257
0.401639
0.416006
0.403562
0.528483
0.606447
0.354978
0.816702
0.600193
0.467823
0.452688
0.574013
0.425980
0.385804
0.570120
0.389737
0.363148
0.447381
0.415365
0.615355
0.454004
0.354983
0.436681
0.770274
0.429247
0.444186
0.411819
0.455574
0.439775
0.423488
0.592112
0.385503
0.378310
0.272250
0.386642
0.573573
0.762808
0.645126
0.663655
0.403796
0.386643
0.532890
0.445585
0.376656
0.337314
0.560420
0.362318
0.438059
0.614805
0.369806
0.326364
0.369667
0.447934
0.353948
0.401150
0.435459
0.338444
0.621308
0.758877
0.609986
0.420310
0.466280
0.385209
0.431897
0.352881
0.375130
0.339914
0.425005
0.590569
0.605004
0.435023
0.332320
0.644540
0.455621
0.782050
0.603358
0.455773
0.322661
0.408487
0.412275
0.377194
0.607533
0.403472
0.810509
0.629917
0.405134
0.358083
0.366715
0.755908
0.432647
0.431608
0.410590
0.628754
0.454009
0.422428
0.374678
0.477580
0.397823
0.404397
0.440242
0.584158
0.422527
0.410509
0.452773
0.344188
0.425698
0.409416
0.437552
0.379799
0.358057
0.446391
0.379089
0.438254
0.387206
0.439260
0.408770
0.447405
0.623263
0.409474
0.316177
0.722683
0.449371
0.415479
0.445706
0.430101
0.374356
0.587089
0.390247
0.446094
0.589145
0.420860
0.425474
0.557180
0.384238
0.633106
0.401920
0.771325
0.603839
0.376054
0.408897
0.407987
0.372038
0.433886
0.499570
0.602262
0.764583
0.809572
0.317177
0.435272
0.326591
0.381024
0.359448
0.380973
0.316779
0.380394
0.398313
0.595058
0.689673
0.385710
0.410692
0.412739
0.597168
0.420434
0.461064
0.405713
0.419493
0.341704
0.229343
0.343451
0.415623
0.361501
0.342863
0.378102
0.360038
0.397270
0.520534
0.396571
0.395280
0.389387
0.562821
0.379227
0.378771
0.803502
0.311893
0.417788
0.344017
0.417292
0.347420
0.617734
0.392372
0.451707
0.393647
0.603187
0.559715
0.280325
0.386141
0.616293
0.347647
0.432716
0.372817
0.340113
0.380430
0.573586
0.594791
0.410825
0.406646
0.381249
0.403459
0.449996
0.410588
0.456899
0.430147
0.391803
0.653945
0.445418
0.420670
0.598487
0.385315
0.649565
0.414537
0.447439
0.405859
0.405459
0.341605
0.332259
0.383507
0.452400
0.412752
0.407981
0.346156
0.642258
0.388645
0.465324
0.410963
0.385124
0.383784
0.396969
0.379324
0.421391
0.405164
0.295946
0.416822
0.345658
0.317396
0.418030
0.601090
0.564223
0.346947
0.547140
0.045763
0.376582
0.561038
0.447703
0.606242
0.406221
0.439997
0.243726
0.372736
0.599230
0.642634
0.437213
0.384550
0.256989
0.469333
0.328436
0.468664
0.778446
0.352414
0.385492
0.411835
0.746567
0.430933
0.465177
0.591319
0.646161
0.423388
0.728536
0.413193
0.458231
0.349229
0.425617
0.335816
0.245073
0.398407
0.632474
0.358818
0.746100
0.636955
0.453912
0.407958
0.364622
0.422703
0.342039
0.379123
0.434542
0.411432
0.362103
0.608686
0.323508
0.388250
0.378044
0.400449
0.493334
0.399950
0.405150
0.732732
0.410952
0.299373
0.399552
0.584363
0.419581
0.417061
0.223809
0.389846
0.424973
0.448868
0.623761
0.338781
0.342000
0.761457
0.462764
0.415849
0.404826
0.346439
0.374280
0.335111
0.407876
0.414793
0.369587
0.565759
0.410520
0.316182
0.457082
0.575901
0.406456
0.448184
0.805700
0.377903
0.582955
0.385847
0.450555
0.397388
0.402905
0.402832
0.394788
0.600801
0.428554
0.532546
0.351957
0.572463
0.409994
0.617551
0.609160
0.419790
0.583984
0.389517
0.389945
0.386736
0.428047
0.383288
0.423724
0.372948
0.635427
0.440140
0.373094
0.381945
0.394244
0.318871
0.374772
0.401692
0.625343
0.345496
0.716308
0.390618
0.380863
0.420494
0.354758
0.439873
0.455233
0.329616
0.439082
0.748285
0.363908
0.456409
0.351161
0.332628
0.358914
0.367176
0.408206
0.633106
0.629737
0.341766
0.427455
0.354873
0.424902
0.402114
0.633929
0.347210
0.439508
0.399865
0.340270
0.576688
0.567876
0.409377
0.544311
0.410844
0.441538
0.371649
0.429558
0.372835
0.566824
0.615352
0.382999
0.467309
0.387651
0.441996
0.398861
0.631159
0.367743
0.413446
0.633618
0.371267
0.318180
0.424456
0.431791
0.446366
0.400576
0.341623
0.376895
0.402708
0.443734
0.715072
0.403343
0.574459
0.649522
0.457218
0.359931
0.400764
0.628905
0.472113
0.666804
0.433811
0.356440
0.459283
0.620588
0.565656
0.312397
0.425387
0.401306
0.440929
0.391144
0.393865
0.769828
0.390571
0.356379
0.629902
0.342391
0.472597
0.378811
0.319444
0.418981
0.421702
0.405171
0.319171
0.355733
0.451112
0.393802
0.412288
0.441043
0.416241
0.429513
0.394628
0.754303
0.568160
0.746853
0.376294
0.412389
0.347321
0.362412
0.418413
0.582455
0.321506
0.489284
0.413282
0.367220
0.461280
0.395543
0.578212
0.428214
0.430476
0.379654
0.341334
0.353099
0.614583
0.601933
0.372757
0.390010
0.419519
0.389607
0.382111
0.403990
0.383428
0.414141
0.345290
0.576575
0.462171
0.430189
0.326624
0.405481
0.725763
0.450448
0.441818
0.356801
0.628298
0.383454
0.381091
0.373198
0.437592
0.375338
0.580976
0.436082
0.091965
0.054244
0.414755
0.532652
0.400294
0.433526
0.428273
0.373046
0.634007
0.340712
0.458882
0.412929
0.539009
0.311997
0.448049
0.358972
0.631291
0.320679
0.416161
0.408505
0.435824
0.443579
0.644387
0.350933
0.346382
0.455830
0.433213
0.307248
0.427625
0.456938
0.765115
0.417499
0.368989
0.754887
0.386626
0.526823
0.382300
0.419531
0.407000
0.573760
0.411165
0.757266
0.372165
0.403238
0.443676
0.400732
0.558938
0.465952
0.402353
0.417792
0.403914
0.424423
0.362563
0.407361
0.446870
0.401411
0.386329
0.575143
0.347308
0.649738
0.436543
0.372038
0.343665
0.354817
0.600577
0.614665
0.393155
0.451457
0.419171
0.307738
0.672645
0.623820
0.385045
0.384586
0.777724
0.317141
0.776131
0.414207
0.377409
0.549945
0.390812
0.359001
0.331005
0.628657
0.397544
0.415275
0.358135
0.536111
0.552173
0.454240
0.762673
0.316552
0.404061
0.423378
0.369965
0.508903
0.346167
0.323555
0.427326
0.359603
0.644715
0.300506
0.539667
0.571925
0.384246
0.402553
0.406219
0.363021
0.368139
0.400774
0.407357
0.368149
0.408654
0.402615
0.309189
0.434522
0.765037
0.414240
0.367369
0.345941
0.321080
0.412150
0.432961
0.369274
0.415719
0.348536
0.319816
0.591812
0.402950
0.387037
0.534841
0.382168
0.448279
0.399764
0.657999
0.383094
0.374838
0.665197
0.405772
0.321651
0.370440
0.599946
0.333243
0.377076
0.377518
0.387984
0.381905
0.426714
0.443810
0.639246
0.359496
0.417920
0.426755
0.461195
0.485162
0.385370
0.549053
0.384563
0.420054
0.407262
0.437917
0.589000
0.379853
0.391204
0.451279
0.482645
0.585305
0.539841
0.581026
0.381444
0.422496
0.552974
0.399259
0.600813
0.410015
0.588760
0.605963
0.602961
0.438962
0.367889
0.369679
0.379106
0.376544
0.394545
0.381898
0.420241
0.432587
0.404648
0.344847
0.610120
0.374990
0.626093
0.580761
0.400697
0.826445
0.608088
0.561321
0.628314
0.467229
0.618845
0.443014
0.447630
0.617791
0.417761
0.434990
0.329177
0.730310
0.333485
0.616510
0.470882
0.434981
0.590864
0.381084
0.367258
0.412864
0.426677
0.610339
0.389287
0.346255
0.585278
0.398583
0.421675
0.417809
0.395539
0.330099
0.358144
0.361747
0.453512
0.411495
0.435593
0.645839