0.411892305
0.345370356
0.588243078
0.564755973
0.359570278
0.383749541
0.495503913
0.566639446
0.294412084
0.360221170
0.390877383
0.601130178
0.554507826
0.601130178
0.470272091
0.601130178
0.601130178
0.313939852
0.413495763
0.515706721
0.432644478
0.553721973
0.393526303
0.379921275
0.601130178
0.483009676
0.601130178
0.405371727
0.589884641
0.286530202
0.541199141
0.033391585
0.589633938
0.315467433
0.387383834
0.367898748
0.460642336
0.390720723
0.516327668
0.368130914
0.392142389
0.406384685
0.576940527
0.601130178
0.554648023
0.503064976
0.305049807
0.432651048
0.362072536
0.402238465
0.601130178
0.304745905
0.601130178
0.419732214
0.492467383
0.278975927
0.368088301
0.288266134
0.309705507
0.518039852
0.601130178
0.495461743
0.302692114
0.379713256
0.449686246
0.500017838
0.422685044
0.339065810
0.355888644
0.482478381
0.390290887
0.601130178
0.398398126
0.403352669
0.601130178
0.321399100
0.314024203
0.306268997
0.292898186
0.078745013
0.325097296
0.566778119
0.367504572
0.505221728
0.393040865
0.519450431
0.400531477
0.363479039
0.447335590
0.554708043
0.386302130
0.373082829
0.325482139
0.496139558
0.601130178
0.601130178
0.456667491
0.303179972
0.320069538
0.428427929
0.446020677
0.578098751
0.397860837
0.434411522
0.601130178
0.501760531
0.567087936
0.565648812
0.373286393
0.601130178
0.529824279
0.400232944
0.391137694
0.425616246
0.425161717
0.495667987
0.601130178
0.588388924
0.389274341
0.601130178
0.601130178
0.434876977
0.552054837
0.530932633
0.325834332
0.379349141
0.402343370
0.601130178
0.449289953
0.379606823
0.512991504
0.526102559
0.469460190
0.494523521
0.336440830
0.315548863
0.315410862
0.389162395
0.601130178
0.411476952
0.601130178
0.366005915
0.368657839
0.293764769
0.542026803
0.507523767
0.482443923
0.359982398
0.317353826
0.577965499
0.325904400
0.354462422
0.462079782
0.316118578
0.409758041
0.306577309
0.601130178
0.325142769
0.555066345
0.542807515
0.359661356
0.531621752
0.601130178
0.445341153
0.323654328
0.422869497
0.282221374
0.307155678
0.379043002
0.398786578
0.601130178
0.365468543
0.357694639
0.434613003
0.324427727
0.380618324
0.601130178
0.439219392
0.401241861
0.448833199
0.517996193
0.379501063
0.601130178
0.296157192
0.505410096
0.506789497
0.601130178
0.365914018
0.448825755
0.601130178
0.601315265
0.374332167
0.365514383
0.333245672
0.601130178
0.531401565
0.305061640
0.416018967
0.589187287
0.542779513
0.601130178
0.294690194
0.505818236
0.398333205
0.495871027
0.601130178
0.447977014
0.543466333
0.445622663
0.456545940
0.453554024
0.368486626
0.435414099
0.412988245
0.392533126
0.589036793
0.601130178
0.507179321
0.411376437
0.424481164
0.600827575
0.367773016
0.307836091
0.314565828
0.396318342
0.499829449
0.324487607
0.343357095
0.304957564
0.436059484
0.601130178
0.601130178
0.402338398
0.494783805
0.446006737
0.379713652
0.368275536
0.373492647
0.601130178
0.471517457
0.368718816
0.441457088
0.305994170
0.408705879
0.539032677
0.379651422
0.475370649
0.601130178
0.601130178
0.601130178
0.397698511
0.553284350
0.384172883
0.601130178
0.436336293
0.413728520
0.308269743
0.588676513
0.412357582
0.370684841
0.506968495
0.341543800
0.408687655
0.503220401
0.411262561
0.519689982
0.436687470
0.601130178
0.380738169
0.563635072
0.355438020
0.601130178
0.397996273
0.601130178
0.330085497
0.601130178
0.601703694
0.456735139
0.483573230
0.430871600
0.314633990
0.543583305
0.407891166
0.471051443
0.601130178
0.482547417
0.307936437
0.601130178
0.518730044
0.376739504
0.531879760
0.424665265
0.495551112
0.318011185
0.372646814
0.390761551
0.315512430
0.601130178
0.601130178
0.306044965
0.601130178
0.408587494
0.601130178
0.453740793
0.601130178
0.470412921
0.308125154
0.600917868
0.325043494
0.589624882
0.507796299
0.601130178
0.551411861
0.517690468
0.390940695
0.601130178
0.304350626
0.506073906
0.371841293
0.425511386
0.341420949
0.402120814
0.516219553
0.601130178
0.366373080
0.519417383
0.589930046
0.325788810
0.402013115
0.529755124
0.601130178
0.399828346
0.601243082
0.406312054
0.601130178
0.529725757
0.504214100
0.601130178
0.461625505
0.601130178
0.601130178
0.314028294
0.315032003
0.355683526
0.386668361
0.336100341
0.384793531
0.434971575
0.295133436
0.402247868
0.531265523
0.519487799
0.448821056
0.336218400
0.365918425
0.601130178
0.350317226
0.366204507
0.601130178
0.386101510
0.554745297
0.366891410
0.496261744
0.531401425
0.401744699
0.601130178
0.601130178
0.379611296
0.531326171
0.566847658
0.315284710
0.325407816
0.493700959
0.391097387
0.409566615
0.601130178
0.434917874
0.504466562
0.389457889
0.494429268
0.554880649
0.303133492
0.413838410
0.399274579
0.601130178
0.425649719
0.601130178
0.486380578
0.391823668
0.413482625
0.456854471
0.398045929
0.400422976
0.366670478
0.489101285
0.483249601
0.436160033
0.303233095
0.578498165
0.601130178
0.601130178
0.322967488
0.399450790
0.554931835
0.460181206
0.296059043
0.453652045
0.401731274
0.407698675
0.335957388
0.362531062
0.424447451
0.301574597
0.368775768
0.402365531
0.494392969
0.424534926
0.601130178
0.313847834
0.434281965
0.300395359
0.601130178
0.390371577
0.601130178
0.589629206
0.346550259
0.433423591
0.421458459
0.448373785
0.601130178
0.539196456
0.601130178
0.294437039
0.542545776
0.312532351
0.367523545
0.601130178
0.447674095
0.450161825
0.392142389
0.301685677
0.315280246
0.513415048
0.601130178
0.305956943
0.601130178
0.318084727
0.396037734
0.601130178
0.316473003
0.335121587
0.357231341
0.346448057
0.304008342
0.436617941
0.601130178
0.601130178
0.411814490
0.295254885
0.601130178
0.601130178
0.507179321
0.348480194
0.601130178
0.318056133
0.353018520
0.315077088
0.505089912
0.601130178
0.543288509
0.601130178
0.601130178
0.413162002
0.368315054
0.601130178
0.482326204
0.472343251
0.339352913
0.379740097
0.368297770
0.355897351
0.500554795
0.601130178
0.465991977
0.302584832
0.472502664
0.314967883
0.356608214
0.292859200
0.313089882
0.389102102
0.601130178
0.601130178
0.299847394
0.374687981
0.601130178
0.588886011
0.446672514
0.292711033
0.588781334
0.367465100
0.354219616
0.255119253
0.355474384
0.444787500
0.391209533
0.554763923
0.409407228
0.351941175
0.590144350
0.274246719
0.383143905
0.490584180
0.601130178
0.601130178
0.601130178
0.601130178
0.457018036
0.576705998
0.601130178
0.157448935
0.601130178
0.515019731
0.601130178
0.589419552
0.438240561
0.315154122
0.397369006
0.321510817
0.325416041
0.313107531
0.446278803
0.448266019
0.601130178
0.440231183
0.345992240
0.601130178
0.601130178
0.425382487
0.601130178
0.378140712
0.425128950
0.460279313
0.398212978
0.438245237
0.482091051
0.312367705
0.601130178
0.444901596
0.328749380
0.601130178
0.399832904
0.459169493
0.312470437
0.601130178
0.601130178
0.314569068
0.399758223
0.313422032
0.305101559
0.459900637
0.304853855
0.512614974
0.601130178
0.601130178
0.314706637
0.576940527
0.601130178
0.314476588
0.506963607
0.601098569
0.344652970
0.601130178
0.456365919
0.162497807
0.554317669
0.417983619
0.378107734
0.531649988
0.452069751
0.601130178
0.363297714
0.539627099
0.325871134
0.391272463
0.292218484
0.447764019
0.601130178
0.388273994
0.501369653
0.588439250
0.312316730
0.487449011
0.519134590
0.401196780
0.601130178
0.401822979
0.391464586
0.601130178
0.346477271
0.401098962
0.531031125
0.379310217
0.600972121
0.393261032
0.483719008
0.601130178
0.601130178
0.404354999
0.313292466
0.320118774
0.411812210
0.226498726
0.404246160
0.379766939
0.308303554
0.346985029
0.350390078
0.367180289
0.306261045
0.315003798
0.436609712
0.436827788
0.520004815
0.331641271
0.363013761
0.531312540
0.305241445
0.439210174
0.368127931
0.483511989
0.341133612
0.494791898
0.448937412
0.589447130
0.301036959
0.553759243
0.357413113
0.601130178
0.601130178
0.601130178
0.578741687
0.379912458
0.601130178
0.516219553
0.589738820
0.601130178
0.601130178
0.377089505
0.350773247
0.325515868
0.390392842
0.472404091
0.552157333
0.601130178
0.399568317
0.333995017
0.470093835
0.392196317
0.315023927
0.490668918
0.447594814
0.474764540
0.457336045
0.495682371
0.402175880
0.400391326
0.315304727
0.543064657
0.601130178
0.465012406
0.542587922
0.601130178
0.296330018
0.413349190
0.519341524
0.543260789
0.357417733
0.317031528
0.458640880
0.601130178
0.519168339
0.448781931
0.517535230
0.482525385
0.368158336
0.331951626
0.589993827
0.302658851
0.329431540
0.314582088
0.436467094
0.487755077
0.401649513
0.601130178
0.601130178
0.384712223
0.601130178
0.324411322
0.379523029
0.412446536
0.398434399
0.507683209
0.325556698
0.601130178
0.495036820
0.472248857
0.601130178
0.470858958
0.601130178
0.566343410
0.379140564
0.325689556
0.307731717
0.368038924
0.346447158
0.398890386
0.446132479
0.601130178
0.435795621
0.588521363
0.495314699
0.314979209
0.310027682
0.284420778
0.320348353
0.601130178
0.423956815
0.314780010
0.307362701
0.542086701
0.448670142
0.385972027
0.303916750
0.416440003
0.387967572
0.466770207
0.589410631
0.506309321
0.314967157
0.449607038
0.386769723
0.328529137
0.601130178
0.565325442
0.578240982
0.361637582
0.528272019
0.315280246
0.543616012
0.601130178
0.505603069
0.601130178
0.601130178
0.370667249
0.434626866
0.368473627
0.601130178
0.373528839
0.409730615
0.314572446
0.342078521
0.601130178
0.589688542
0.387332819
0.601130178
0.418107287
0.507791692
0.360703171
0.601130178
0.601130178
0.601130178
0.484279132
0.386273936
0.601130178
0.412188945
0.387205018
0.445815860
0.483973747
0.448741738
0.553102788
0.401463583
0.434650064
0.601130178
0.394763373
0.390935905
0.507061479
0.412970099
0.402347397
0.363066845
0.300842822
0.424782897
0.483028507
0.601130178
0.483940824
0.460330658
0.312756347
0.500578396
0.305137682
0.601130178
0.423127041
0.354308025
0.601130178
0.314568472
0.328459990
0.506507034
0.463409929
0.399111934
0.153863020
0.470733707
0.483836750
0.423978090
0.436147538
0.601130178
0.331265593
0.409252316
0.601130178
0.368920635
0.601130178
0.412496759
0.382280582
0.471939522
0.368561504
0.314536074
0.324869984
0.386988617
0.601130178
0.601130178
0.429826208
0.332322370
0.359388023
0.601130178
0.492057746
0.325469753
0.588621733
0.368486365
0.408922846
0.601130178
0.577161252
0.601130178
0.578061965
0.304902514
0.601130178
0.447506283
0.379052085
0.345061623
0.402872299
0.601130178
0.566486769
0.456954836
0.578061691
0.422648798
0.348356168
0.402845019
0.410450750
0.601130178
0.423968950
0.457233180
0.421068009
0.308122754
0.601130178
0.436314178
0.402324966
0.331724000
0.346277709
0.391178136
0.601130178
0.325664776
0.330252151
0.320867273
0.315202832
0.527567729
0.554782966
0.601130178
0.314387240
0.296565709
0.543026674
0.543078239
0.385309926
0.601130178
0.601130178
0.381018082
0.601130178
0.601130178
0.441958782
0.386619603
0.353080636
0.457253984
0.601130178
0.517724645
0.324917040
0.303148110
0.601130178
0.401658777
0.398455174
0.413181238
0.601130178
0.390379415
0.273400330
0.601130178
0.317783931
0.519769877
0.315337046
0.314927268
0.601021683
0.288061373
0.315361408
0.459277141
0.368390179
0.331720642
0.460686628
0.437078463
0.601130178
0.480602086
0.413244215
0.323625471
0.368955087
0.601130178
0.323221611
0.601130178
0.601130178
0.589925587
0.601130178
0.460027043
0.601130178
0.422129276
0.404169078
0.479407892
0.577818473
0.398139100
0.601703694
0.305273431
0.304167104
0.358365217
0.493303713
0.379646685
0.601130178
0.312871157
0.601130178
0.400454626
0.436045610
0.298289778
0.518669943
0.351316781
0.495842539
0.338943392
0.601130178
0.315195601
0.410669464
0.601130178
0.305081544
0.601130178
0.436860634
0.423991868
0.390756228
0.424567270
0.564362408
0.601130178
0.519910981
0.369240220
0.447507809
0.361002970
0.601130178
0.360833539
0.601130178
0.601130178
0.181840220
0.307908343
0.554727085
0.589100616
0.384854905
0.304918497
0.391178403
0.313980398
0.290842898
0.314328719
0.380569469
0.378255786
0.601130178
0.315451511
0.452200373
0.529651869
0.390564353
0.566301289
0.390156506
0.588836108
0.400658086
0.355418330
0.601130178
0.315362014
0.385144825
0.411093631
0.389787459
0.342495398
0.601130178
0.294260320
0.356348850
0.448518168
0.329336019
0.413308283
0.448433607
0.273897179
0.554973638
0.409284188
0.601130178
0.340959508
0.401224023
0.357443648
0.415286857
0.402070855
0.601130178
0.447622852
0.601130178
0.519162897
0.601130178
0.329152948
0.507118167
0.601130178
0.379415825
0.601130178
0.413655899
0.313746436
0.345668471
0.601130178
0.314771817
0.480343429
0.344259941
0.322889199
0.285249621
0.323058126
0.305281368
0.349987127
0.416838349
0.442177157
0.578378979
0.601130178
0.453460574
0.601130178
0.601130178
0.439205496
0.519003792
0.601130178
0.531682953
0.362751605
0.578167552
0.398063998
0.357439801
0.566315697
0.494391567
0.378373625
0.601130178
0.309013284
0.458893593
0.601130178
0.390626177
0.357387585
0.601130178
0.388913835
0.360442626
0.601130178
0.357218258
0.590012069
0.328933920
0.315284104
0.601130178
0.385867733
0.315500246
0.513575111
0.482544215
0.601130178
0.601130178
0.406884724
0.305824938
0.422184463
0.379478832
0.601130178
0.366178188
0.304558693
0.601130178
0.300777600
0.400854767
0.288486460
0.366460485
0.305381239
0.601130178
0.601130178
0.305968924
0.385587653
0.313282957
0.578351325
0.306126216
0.371678474
0.284543465
0.357863293
0.314686277
0.500338197
0.601130178
0.378202714
0.477207939
0.368113373
0.601130178
0.325904524
0.601130178
0.423044142
0.439066263
0.393692696
0.308856460
0.481761767
0.430306381
0.542592497
0.506817701
0.357447753
0.601130178
0.414030704
0.435462169
0.460672611
0.601130178
0.480733719
0.396808404
0.410646898
0.601130178
0.400820940
0.439210174
0.588589810
0.304958277
0.541451708
0.601130178
0.471231137
0.506086607
0.272074171
0.315361651
0.554727085
0.366548030
0.519642712
0.601130178
0.423035007
0.396972054
0.601130178
0.460096977
0.413423155
0.434138557
0.601130178
0.481695940
0.409437360
0.359544165
0.601130178
0.506864754
0.313381524
0.402143645
0.368744950
0.402999161
0.299845418
0.437087533
0.327065257
0.341086421
0.368907500
0.314670610
0.356400613
0.400540453
0.588790531
0.390724844
0.543335357
0.329718983
0.460021489
0.368727788
0.564941193
0.374052650
0.285726029
0.412892370
0.293736363
0.412816141
0.388981146
0.601130178
0.481644199
0.389034784
0.306317067
0.305165507
0.435513255
0.342358427
0.325333152
0.294647121
0.601130178
0.470042211
0.601130178
0.519501882
0.285206921
0.531063956
0.315167026
0.543059944
0.313307233
0.400497419
0.357880226
0.601130178
0.589565408
0.495710578
0.601130178
0.325846479
0.555019853
0.387321265
0.601130178
0.345508906
0.255645811
0.320680593
0.398786588
0.601130178
0.601193395
0.601563655
0.384507161
0.577873661
0.531373327
0.495212210
0.565450488
0.469324123
0.359015150
0.601130178
0.448681214
0.601130178
0.601130178
0.601130178
0.390855174
0.457686671
0.333111763
0.601130178
0.565066265
0.530909122
0.601130178
0.390249410
0.601130178
0.601130178
0.371687345
0.601130178
0.412175412
0.456889410
0.423899226
0.601130178
0.518772298
0.601130178
0.601130178
0.507142604
0.487576153
0.314472493
0.483657767
0.601130178
0.390877383
0.350402919
0.315170883
0.525552968
0.306601297
0.601130178
0.601130178
0.415648253
0.578075725
0.601130178
0.368561373
0.401293548
0.314825680
0.425350538
0.601550132
0.335999520
0.402329399
0.312723930
0.425340979
0.367022982
0.364137251
0.407640929
0.367070748
0.413336733
0.460026207
0.399132586
0.436085014
0.601130178
0.328059816
0.566181516
0.379997486
0.601130178
0.386472174
0.601229556
0.368315446
0.321226611
0.601130178
0.542409348
0.333259437
0.304853617
0.374371809
0.448788167
0.304962065
0.601130178
0.601130178
0.566690060
0.304906183
0.293787123
0.518439558
0.530444723
0.331531963
0.601130178
0.578217958
0.379926685
0.601130178
0.437022800
0.601130178
0.564760642
0.589469705
0.410806432
0.511471061
0.519816865
0.564542996
0.368491437
0.566685534
0.485933480
0.466901457
0.323868598
0.601130178
0.460658594
0.601130178
0.376180792
0.305181625
0.274864753
0.601130178
0.436261967
0.601130178
0.601130178
0.506958019
0.601076067
0.389296652
0.601130178
0.402179908
0.318567036
0.386351262
0.601130178
0.530490772
0.578502796
0.601130178
0.539566316
0.518913424
0.315150870
0.601130178
0.374835340
0.414056844
0.402066828
0.601130178
0.601130178
0.344930338
0.457191037
0.315227672
0.468786728
0.576958933
0.482840478
0.350364394
0.457368763
0.314560282
0.589770580
0.390285166
0.386860858
0.414035176
0.589939235
0.601130178
0.566953950
0.390765405
0.368547983
0.500243932
0.323938815
0.437101552
0.321666215
0.408230930
0.601130178
0.336319388
0.298932783
0.379029733
0.481975159
0.589150509
0.306654721
0.601130178
0.486752479
0.368293482
0.294785297
0.460223252
0.318274239
0.346166820
0.528389367
0.601130178
0.601130178
0.508121464
0.543031944
0.425166085
0.314897858
0.448774488
0.416687226
0.601130178
0.471999937
0.390720323
0.315394216
0.307639500
0.601130178
0.398407096
0.355520058
0.507650960
0.282843817
0.398337757
0.566829142
0.380849202
0.403289218
0.304167808
0.304422538
0.601130178
0.398434399
0.601130178
0.411376583
0.330560617
0.315886517
0.601130178
0.352237704
0.379513423
0.507702478
0.436526446
0.601130178
0.366447387
0.323361661
0.308126803
0.384141694
0.346810255
0.457345333
0.308293804
0.589528912
0.402211469
0.379491721
0.601130178
0.601130178
0.527455094
0.357599933
0.458825080
0.453647337
0.292293949
0.323680608
0.601130178
0.471070093
0.601130178
0.601130178
0.601130178
0.539851766
0.502283235
0.531171067
0.381995962
0.367048815
0.436266639
0.601130178
0.378898272
0.527872903
0.316963537
0.368495465
0.312616143
0.601130178
0.588872623
0.303713530
0.601188976
0.519083695
0.518839100
0.304997942
0.588630795
0.460548796
0.368512884
0.601130178
0.313818108
0.332970672
0.286237609
0.601130178
0.517842222
0.396186455
0.601130178
0.601130178
0.385971638
0.281973399
0.554727085
0.304695019
0.469462285
0.325627238
0.340883807
0.318824653
0.471826063
0.554708043
0.419014996
0.421054256
0.447306030
0.357659989
0.543073526
0.390976207
0.366541657
0.378716482
0.588690174
0.514920947
0.601130178
0.379815358
0.374989814
0.421688117
0.531570149
0.315414469
0.314678085
0.483790298
0.437212607
0.306961844
0.601008289
0.553219182
0.565131062
0.541914622
0.487745586
0.437976265
0.601130178
0.304913996
0.425362947
0.368399279
0.315102044
0.398610351
0.376597989
0.386127867
0.337173003
0.413697360
0.601130178
0.301911909
0.601130178
0.422087989
0.323303975
0.380889246
0.314204734
0.362800273
0.457847657
0.482685231
0.314763744
0.389940011
0.390931650
0.293435500
0.315272167
0.379114145
0.388209136
0.388927500
0.472502804
0.424513370
0.531786157
0.421224204
0.385614518
0.601130178
0.317449053
0.366355573
0.374590874
0.471826063
0.530664404
0.425534875
0.436376945
0.368832984
0.368473627
0.274901389
0.601130178
0.601130178
0.325900351
0.601130178
0.433048868
0.386771557
0.379593404
0.589419552
0.325801326
0.601130178
0.456950123
0.315085043
0.357426457
0.353806104
0.601130178
0.531251613
0.601130178
0.365588616
0.362666105
0.601130178
0.601130178
0.429424590
0.383999112
0.436548415
0.405267379
0.425479160
0.383660509
0.448737039
0.508121464
0.356988828
0.601130178
0.325432473
0.410890949
0.387965298
0.304893512
0.324258550
0.467956489
0.601130178
0.313250510
0.215403466
0.314081122
0.368592054
0.601130178
0.313122320
0.410851851
0.321034186
0.530594006
0.422455239
0.418308983
0.542073671
0.366049598
0.482567648
0.379912458
0.425576388
0.437166563
0.357872151
0.304814073
0.601130178
0.530285274
0.299402786
0.460611823
0.423342611
0.317806961
0.601130178
0.507001306
0.410471577
0.410407777
0.413985034
0.529276400
0.601130178
0.527671034
0.294279809
0.416298152
0.384186231
0.416293536
0.601130178
0.397119571
0.519553194
0.411600192
0.467949526
0.329818864
0.413321138
0.433877009
0.601130178
0.295098236
0.390488035
0.325892006
0.396546912
0.481810587
0.362644285
0.390478060
0.355888644
0.390832964
0.321629162
0.577753743
0.566408301
0.423540494
0.566209369
0.399789732
0.531373467
0.432956296
0.494302062
0.285918278
0.393593764
0.306389120
0.459297262
0.312555528
0.601130178
0.395447582
0.601130178
0.368398495
0.553349515
0.314146827
0.507909669
0.413079521
0.543606449
0.601130178
0.315939393
0.291348137
0.407121062
0.482313798
0.385230666
0.555127185
0.578001877
0.302827249
0.405757823
0.433872344
0.428418764
0.472329050
0.378843439
0.378800603
0.328160898
0.108212785
0.448462487
0.322505116
0.516233643
0.379393464
0.277391138
0.386708635
0.601130178
0.601130178
0.400705457
0.566930771
0.400965983
0.322102950
0.378942575
0.393418454
0.365702247
0.414235070
0.392726282
0.464107987
0.423067184
0.379265105
0.482854566
0.359205937
0.601130178
0.543204375
0.315203195
0.589451455
0.359873912
0.601130178
0.601130178
0.367894321
0.390711547
0.601130178
0.448194715
0.460082126
0.374418802
0.601130178
0.352616081
0.539285420
0.346686117
0.405299154
0.383014795
0.368451399
0.412268538
0.423060103
0.392003253
0.343858401
0.486903057
0.305061887
0.531790746
0.531396975
0.495061541
0.528905630
0.601130178
0.449038279
0.601130178
0.362491947
0.308133133
0.391245454
0.400332443
0.601130178
0.401130630
0.601130178
0.578452399
0.589196346
0.305006113
0.601130178
0.336227129
0.294660246
0.400635561
0.319690231
0.504524798
0.368477917
0.507593994
0.294656065
0.601130178
0.379194093
0.314886655
0.379536315
0.306817597
0.296809437
0.350355748
0.589652185
0.578319177
0.550987767
0.578121366
0.292671945
0.303494446
0.314804349
0.401741347
0.304562131
0.601130178
0.328825791
0.424235812
0.298005968
0.402030435
0.377633926
0.413810902
0.601130178
0.552902570
0.255165857
0.423731465
0.387938116
0.601130178
0.340918946
0.314983065
0.283876631
0.368806456
0.391164967
0.332643230
0.350064269
0.304243597
0.401858018
0.424265018
0.391209667
0.357495482
0.357802707
0.566949286
0.601130178
0.424507496
0.379398068
0.402030435
0.425350264
0.601130178
0.601130178
0.457116179
0.425142875
0.480865355
0.273677393
0.601130178
0.409976788
0.601130178
0.483300233
0.350904817
0.314886776
0.601130178
0.512859622
0.295098469
0.601130178
0.415725997
0.401985719
0.601130178
0.460391580
0.601130178
0.262273849
0.396006202
0.518100939
0.601130178
0.492766861
0.276810057
0.301687341
0.601130178
0.447077762
0.601130178
0.472037525
0.531691993
0.601130178
0.315711506
0.589414956
0.335873410
0.390841341
0.458086158
0.481183292
0.315422923
0.401088220
0.601130178
0.423703775
0.412663948
0.412581350
0.601130178
0.601130178
0.308406266
0.390029711
0.315093846
0.372902285
0.371067249
0.543466333
0.386751837
0.376686515
0.416632375
0.344777125
0.601130178
0.288447821
0.566939822
0.483964120
0.601130178
0.601130178
0.601130178
0.418684856
0.448206201
0.396993329
0.578557959
0.601130178
0.390774582
0.388949813
0.588740354
0.487886829
0.588621733
0.601130178
0.601130178
0.357738148
0.378976486
0.601130178
0.314450570
0.518786383
0.567083273
0.601130178
0.379646146
0.319831802
0.304670392
0.314910151
0.363157538
0.317600124
0.601130178
0.578149297
0.601130178
0.324345214
0.308205423
0.295062913
0.289705903
0.601130178
0.372536733
0.460405874
0.601130178
0.601130178
0.530852080
0.359210309
0.428741615
0.601130178
0.389254279
0.309369177
0.508116577
0.472103793
0.542881677
0.470639907
0.448409136
0.371520119
0.601130178
0.601130178
0.542797531
0.432817654
0.422867052
0.529628350
0.344128177
0.422474060
0.566246275
0.308567016
0.357179266
0.302612653
0.395470152
0.304734783
0.368538881
0.305856958
0.402451772
0.476066001
0.325718632
0.601130178
0.444738677
0.409871936
0.400556164
0.423623840
0.528544294
0.342765783
0.350312903
0.421123159
0.291342585
0.366331315
0.315134231
0.397648746
0.351949711
0.380582769
0.357157591
0.601130178
0.469666663
0.601130178
0.470098427
0.526821138
0.601130178
0.364381609
0.601130178
0.303870087
0.578461524
0.414289966
0.601130178
0.423735966
0.325503235
0.601130178
0.601130178
0.401479037
0.372642374
0.601130178
0.531077308
0.413546432
0.554713150
0.421697380
0.453483971
0.379390181
0.399882636
0.346107274
0.386458797
0.293490168
0.379952332
0.376711316
0.519501882
0.390931517
0.385587653
0.370592586
0.354242604
0.388153131
0.335936963
0.436444012
0.364635858
0.324758257
0.452354388
0.448946949
0.400983816
0.367913303
0.601130178
0.475676029
0.459941843
0.340020841
0.435529164
0.341260070
0.391039257
0.325391641
0.425316934
0.517789217
0.601130178
0.314793389
0.504849737
0.374234450
0.601130178
0.578277901
0.325805374
0.327076467
0.311068211
0.315308706
0.436817191
0.422549987
0.378706082
0.601130178
0.504670861
0.400298401
0.518970882
0.353896529
0.314812421
0.531523554
0.601130178
0.528347049
0.368539142
0.302364780
0.467794736
0.330935891
0.304673949
0.305281368
0.411540656
0.378723836
0.601130178
0.508111970
0.346124214
0.316955313
0.422306439
0.601130178
0.601130178
0.458675422
0.371946854
0.402292997
0.590021258
0.408947136
0.507956439
0.601130178
0.448508356
0.444229157
0.462622998
0.360750962
0.601130178
0.601130178
0.565922457
0.421075374
0.436048063
0.601130178
0.577060096
0.256449285
0.398280839
0.325539904
0.340278742
0.096694926
0.433603985
0.601130178
0.578002288
0.327384625
0.303956576
0.601130178
0.376452036
0.460237406
0.368644446
0.379966559
0.390707025
0.494872050
0.452723065
0.408705879
0.379207375
0.459765079
0.368482728
0.404495736
0.488103302
0.375205605
0.391160577
0.601130178
0.402501477
0.436210161
0.345317180
0.346596546
0.566736560
0.578470650
0.325817767
0.515885435
0.601130178
0.422988502
0.444008518
0.555252718
0.315235993
0.349494472
0.304797865
0.410993290
0.399310755
0.404854243
0.368819589
0.448508911
0.409311469
0.490532388
0.310757406
0.601130178
0.530130410
0.480677244
0.402184474
0.306217015
0.374032094
0.368543562
0.401708035
0.381595810
0.302937278
0.601130178
0.303789256
0.423899226
0.402080392
0.375487074
0.402252165
0.325007838
0.566542189
0.553363459
0.576958933
0.365346136
0.305137682
0.382405112
0.466160733
0.307731717
0.446020677
0.437175772
0.373245898
0.484378328
0.517484884
0.401785649
0.306717454
0.366206981
0.373445054
0.495776488
0.305053715
0.502339792
0.323540486
0.325487048
0.374330488
0.601130178
0.601130178
0.418240207
0.601130178
0.353136651
0.346408591
0.412047519
0.601130178
0.551654206
0.303141516
0.495903561
0.379748648
0.601130178
0.379686944
0.315276509
0.375479595
0.409287036
0.325519299
0.601130178
0.315121682
0.302352879
0.425322684
0.514210449
0.463063245
0.495414545
0.373775795
0.315333067
0.435855780
0.490993776
0.357672821
0.325246351
0.578429378
0.381209127
0.295207705
0.414048864
0.371656559
0.542513057
0.315044056
0.389496268
0.577657669
0.507574865
0.402293672
0.368780058
0.601130178
0.303647042
0.448457096
0.448685774
0.441303793
0.399767213
0.601130178
0.365929553
0.350477284
0.398974381
0.493620812
0.500559543
0.514511567
0.601130178
0.391218714
0.512779655
0.601130178
0.402070855
0.324900499
0.344623194
0.380160941
0.352489487
0.480931173
0.470103158
0.540605020
0.397806774
0.542751370
0.338820995
0.471719158
0.601130178
0.375333815
0.324989695
0.404904178
0.528741390
0.495720635
0.307041944
0.601130178
0.314227952
0.601130178
0.435323340
0.302493483
0.413468943
0.398059571
0.531462629
0.601649474
0.437572876
0.387312384
0.315016577
0.518612342
0.395930700
0.400242072
0.454464596
0.554317669
0.325304094
0.374755888
0.349871494
0.390092163
0.409311469
0.601130178
0.310031744
0.601130178
0.377759856
0.447441095
0.601130178
0.495513409
0.329173564
0.469814159
0.336928859
0.356902398
0.293062032
0.494854320
0.057546775
0.300742005
0.516271309
0.378703208
0.312957617
0.390582169
0.367125265
0.314914248
0.314682423
0.590117058
0.405698695
0.400110793
0.589369398
0.601130178
0.482746325
0.446949077
0.601130178
0.304913996
0.460241846
0.293132168
0.531035855
0.313302190
0.401603993
0.426887835
0.411554602
0.306292972
0.437869566
0.302501380
0.346767231
0.381906952
0.601130178
0.334581890
0.312891452
0.382218323
0.352392449
0.513749265
0.299987805
0.601130178
0.448835013
0.601130178
0.363814610
0.401196915
0.305025649
0.359301347
0.424021207
0.401871579
0.600976542
0.437091930
0.375942113
0.318499113
0.357296246
0.601130178
0.400092693
0.374353631
0.588685575
0.423623703
0.324747730
0.518246681
0.431211769
0.367670928
0.577910041
0.436688723
0.385382672
0.432956296
0.601130178
0.389666436
0.332421670
0.601130178
0.531739145
0.340964262
0.447986269
0.401835461
0.367698596
0.346447167
0.601130178
0.385369053
0.529060539
0.373338421
0.287544072
0.356316187
0.402238734
0.601130178
0.339065810
0.324840948
0.601130178
0.387352293
0.300995571
0.601130178
0.425248956
0.372488291
0.601130178
0.274993043
0.577450369
0.391097387
0.294675094
0.458044142
0.307691616
0.314967762
0.601130178
0.504204604
0.315422923
0.317023303
0.437679421
0.507735708
0.314087027
0.379336783
0.405308174
0.600913313
0.315723695
0.589592712
0.601130178
0.601130178
0.368499624
0.471348474
0.325408318
0.346707890
0.494080745
0.493148311
0.601130178
0.405403504
0.302882916
0.368446848
0.506585918
0.320783185
0.397071279
0.360889969
0.518880513
0.433349518
0.330798245
0.576094289
0.355724629
0.325002195
0.315337410
0.308683586
0.294780183
0.411513477
0.383112748
0.357283032
0.359965024
0.380045510
0.589734225
0.422715327
0.423016601
0.417534561
0.327807908
0.366817316
0.543382065
0.401337159
0.385453868
0.389290136
0.306681345
0.374446911
0.379131622
0.601554684
0.601130178
0.335016671
0.314093156
0.346584414
0.355383649
0.386153435
0.391052825
0.374252111
0.313350745
0.324085864
0.387240805
0.578305282
0.248132436
0.542564492
0.601130178
0.601130178
0.589724898
0.601405656
0.507429804
0.601130178
0.291922459
0.419602167
0.369209517
0.577960593
0.266076752
0.357258023
0.432045367
0.390953728
0.576991110
0.355375076
0.331353211
0.410920270
0.346391772
0.530843458
0.436643106
0.473872019
0.466348263
0.392623040
0.294225056
0.401124316
0.601130178
0.354107561
0.601130178
0.390891484
0.354409263
0.484077122
0.601130178
0.386177380
0.517879879
0.325805374
0.422120146
0.302588841
0.601130178
0.529384396
0.576190869
0.601130178
0.315089505
0.330452217
0.538630133
0.413663878
0.503446486
0.421745888
0.459409632
0.601130178
0.601130178
0.601130178
0.317463961
0.379066685
0.320333861
0.531068686
0.402193337
0.448606321
0.356603985
0.578015639
0.315243588
0.601130178
0.305013927
0.601130178
0.315113372
0.308567016
0.326020126
0.466957768
0.589073303
0.403098886
0.601130178
0.411800970
0.601130178
0.531068686
0.355187737
0.310854328
0.601130178
0.337551999
0.601130178
0.317374157
0.324353415
0.459774375
0.317011088
0.578663650
0.437073928
0.601130178
0.310793780
0.474661184
0.507231120
0.379136093
0.428515613
0.469138543
0.577299207
0.601130178
0.378007789
0.383718366
0.390536560
0.293138752
0.565806224
0.283372715
0.305209452
0.601121205
0.601130178
0.315251545
0.601130178
0.516586439
0.346861634
0.382222807
0.461583440
0.397886410
0.448615717
0.566639308
0.601130178
0.296848728
0.449182840
0.361733273
0.601130178
0.448830315
0.379034203
0.484349866
0.601130178
0.374268739
0.355616713
0.378706093
0.424209758
0.468601572
0.305713001
0.601130178
0.512991504
0.601130178
0.355062625
0.457747539
0.399319742
0.484044338
0.425316934
0.381911435
0.450418317
0.389738311
0.390169930
0.396988783
0.425562596
0.399694834
0.601130178
0.432863867
0.601130178
0.494341165
0.357491120
0.313774700
0.317031528
0.566810626
0.565515273
0.601130178
0.424429166
0.411921677
0.506204455
0.433608649
0.601130178
0.293654323
0.601130178
0.601130178
0.291735556
0.371379396
0.601130178
0.601130178
0.379341254
0.422097118
0.363989041
0.315455492
0.436249334
0.336621679
0.424734189
0.389675460
0.306714821
0.423301714
0.494565829
0.308205423
0.513622138
0.389865472
0.327156489
0.472413419
0.601130178
0.601130178
0.415364582
0.303012894
0.589533779
0.296436025
0.305181863
0.483832847
0.601130178
0.436475333
0.368425665
0.315117350
0.391079562
0.589661376
0.457766258
0.363753587
0.312448701
0.293947434
0.448438998
0.531617303
0.601130178
0.601130178
0.400501844
0.387195748
0.552227226
0.424139213
0.344232560
0.480661200
0.601130178
0.469084835
0.389451372
0.601130178
0.276380410
0.589524587
0.353864196
0.357335114
0.471910842
0.357055129
0.601130178
0.315076603
0.543485043
0.457663378
0.454730791
0.470389542
0.601130178
0.529093385
0.385396169
0.601130178
0.475995500
0.601130178
0.439669489
0.396408422
0.441851876
0.077074069
0.601130178
0.469765313
0.295945200
0.601130178
0.436492768
0.325457490
0.384614116
0.402406772
0.484015737
0.542718097
0.433150634
0.364287537
0.327737382
0.304990009
0.433455965
0.601130178
0.375435321
0.601130178
0.426192083
0.419790185
0.315447410
0.555313137
0.377894968
0.294545890
0.504388231
0.531462071
0.601130178
0.448721407
0.372990332
0.357672950
0.299193440
0.393247570
0.412012883
0.413446048
0.436893342
0.489972183
0.389502652
0.443032271
0.361786905
0.410375878
0.601130178
0.402193337
0.305045781
0.457721481
0.601130178
0.362522412
0.390814743
0.481136156
0.274958620
0.379350066
0.371423345
0.444975955
0.601130178
0.601130178
0.590194476
0.314909788
0.346754578
0.446281417
0.443297211
0.350807595
0.368088301
0.435571750
0.564566204
0.601130178
0.325614479
0.528877515
0.421435440
0.374005160
0.565987225
0.366808242
0.601130178
0.455454857
0.389986395
0.346473606
0.531260793
0.310747459
0.318141920
0.531274843
0.392582544
0.447642885
0.447581003
0.342796610
0.441401305
0.578341925
0.342955841
0.315345853
0.381013603
0.402047744
0.601130178
0.361608545
0.471765091
0.601130178
0.314597493
0.401976723
0.589793556
0.388470650
0.515353886
0.315244072
0.297497882
0.370746349
0.519473576
0.374618473
0.305944963
0.566681145
0.448606321
0.379953003
0.295419499
0.601130178
0.601130178
0.576977340
0.601130178
0.357040632
0.482266655
0.379589196
0.540998016
0.600949483
0.519125247
0.543227800
0.601130178
0.366023284
0.358412871
0.601130178
0.304782718
0.601130178
0.413815782
0.601130178
0.554638640
0.601130178
0.376443636
0.576287443
0.401460917
0.380480586
0.311706270
0.356670384
0.357715675
0.484288760
0.413236093
0.379238145
0.601130178
0.385980508
0.410674060
0.397626269
0.526684951
0.589866262
0.330898416
0.443643242
0.390779504
0.483295490
0.374385155
0.305045424
0.346566955
0.601130178
0.589752470
0.372682074
0.566704051
0.589984910
0.284589524
0.601130178
0.356513122
0.423793930
0.601130178
0.379040126
0.304761645
0.601256743
0.513556272
0.346849106
0.314484777
0.446672514
0.334659364
0.335714813
0.494788413
0.290810047
0.601130178
0.412238876
0.433377364
0.456174398
0.530740370
0.362616548
0.401631659
0.379297066
0.439377211
0.281026404
0.488037424
0.395447582
0.313592388
0.424458101
0.418721565
0.434983511
0.601130178
0.295117748
0.389113132
0.312533668
0.517898708
0.601130178
0.425428913
0.481028082
0.436664248
0.323361661
0.601130178
0.519177682
0.543288926
0.362002996
0.601405656
0.554657268
0.393773635
0.306258295
0.284941884
0.601130178
0.542639217
0.412770510
0.336403431
0.528332990
0.384230769
0.481918674
0.377266141
0.446157885
0.289981164
0.299146006
0.542849658
0.601202368
0.518589894
0.378502121
0.285545368
0.519294533
0.470183032
0.311710345
0.401640519
0.361576716
0.391218847
0.280493872
0.378260253
0.457296128
0.530810626
0.384886115
0.315170520
0.386927905
0.576374873
0.379664577
0.305293325
0.472117435
0.601130178
0.601130178
0.578355684
0.515335050
0.601130178
0.471550307
0.486874867
0.437415200
0.316254189
0.601130178
0.494872050
0.590044094
0.601130178
0.407762345
0.589939235
0.390958517
0.494218847
0.578291660
0.601130178
0.601130178
0.384110507
0.378519871
0.425309168
0.436256458
0.484406230
0.296330018
0.273567577
0.542770085
0.483964120
0.601130178
0.436358397
0.495635733
0.390756228
0.295929487
0.328173337
0.401377826
0.386168509
0.325813595
0.601130178
0.293279289
0.589301262
0.402179638
0.364627188
0.484382932
0.314666514
0.325316600
0.519294533
0.306949841
0.446022895
0.471412915
0.601130178
0.310309871
0.413216584
0.379926553
0.481528454
0.601130178
0.423775515
0.437072123
0.336205935
0.447650891
0.473717015
0.518016282
0.322756105
0.323852207
0.426136758
0.601130178
0.395659270
0.325883784
0.440751171
0.379314952
0.364347828
0.368543562
0.325520161
0.413463520
0.472052284
0.325809546
0.601130178
0.600877277
0.381960357
0.542461621
0.285295528
0.305165507
0.518928488
0.346592244
0.302134351
0.435371654
0.315349348
0.393490308
0.385918023
0.335717547
0.601130178
0.315263967
0.601130178
0.302936102
0.346600857
0.531279153
0.601130178
0.601130178
0.436971399
0.382956978
0.601130178
0.543209505
0.286237609
0.293690488
0.289024168
0.333867774
0.475079356
0.495847427
0.398632982
0.578452399
0.377755392
0.402338533
0.313119786
0.357115530
0.450399649
0.601130178
0.389473820
0.554340853
0.448839295
0.482486185
0.517498971
0.413478291
0.413714835
0.400422976
0.405716878
0.406280255
0.412978617
0.447916511
0.378745907
0.340824570
0.430648210
0.368618185
0.323994348
0.421311501
0.390747585
0.305229600
0.519525027
0.367876794
0.527027779
0.601130178
0.304834078
0.578516553
0.517625896
0.357542699
0.395600768
0.340909286
0.366171975
0.425166222
0.364593016
0.471165441
0.390738809
0.305022099
0.305305538
0.377551894
0.449016599
0.601130178
0.552208579
0.601130178
0.356984468
0.589966532
0.170526096
0.601130178
0.383869893
0.358911162
0.424057905
0.447652278
0.601130178
0.554219269
0.601130178
0.307812049
0.401482119
0.601130178
0.601130178
0.304921918
0.578309777
0.482586478
0.601130178
0.543522324
0.601130178
0.423531778
0.295799964
0.601130178
0.435845060
0.472436949
0.314527884
0.601130178
0.601130178
0.379429769
0.316796306
0.315072626
0.601130178
0.327495362
0.325805374
0.390989908
0.285096475
0.397996273
0.601130178
0.395028864
0.314785317
0.315324987
0.601130178
0.493218961
0.601130178
0.578392600
0.601130178
0.601130178
0.543541173
0.519971910
0.469741798
0.601383025
0.495908870
0.601130178
0.357598892
0.601130178
0.356984597
0.357404260
0.543003247
0.304730878
0.601130178
0.424277155
0.435599491
0.359574523
0.555220024
0.460714524
0.468101967
0.462721319
0.601130178
0.601130178
0.529933379
0.543013230
0.601130178
0.293302793
0.314621824
0.447068511
0.376306106
0.411125547
0.329577397
0.380006303
0.601130178
0.448578271
0.519765136
0.417814034
0.427750000
0.402139349
0.307479018
0.436767599
0.551756719
0.361176818
0.416247794
0.399249947
0.413806703
0.367891349
0.442307228
0.601130178
0.318697893
0.542432779
0.423725046
0.601130178
0.431539795
0.459114984
0.601130178
0.421904185
0.481766509
0.329115346
0.304454942
0.601130178
0.426205881
0.458070203
0.601130178
0.495748702
0.315381792
0.449196799
0.601130178
0.601130178
0.389733650
0.299359317
0.314854239
0.332502114
0.397310418
0.601130178
0.576246113
0.391590211
0.530121088
0.447731283
0.376686384
0.368065429
0.307294563
0.601130178
0.315259978
0.370008398
0.601098569
0.506841297
0.367558735
0.601130178
0.364625906
0.385912344
0.483865210
0.436842220
0.601130178
0.325776418
0.393796037
0.565945648
0.298238452
0.334203039
0.601130178
0.455506256
0.601130178
0.305217754
0.530285274
0.309856460
0.576660043
0.507161453
0.601130178
0.601130178
0.476568870
0.313807176
0.601130178
0.413628259
0.315809144
0.350913341
0.578217958
0.319352604
0.368486626
0.601130178
0.373620490
0.482119224
0.321986857
0.314598470
0.413838954
0.519154115
0.418272284
0.412108697
0.320545169
0.505516769
0.484251091
0.540726684
0.495819220
0.320393476
0.307122175
0.433106893
0.601306293
0.601130178
0.421214944
0.395812484
0.460770595
0.429429243
0.341506350
0.308781801
0.316118578
0.362561528
0.389296652
0.335218179
0.357036530
0.601130178
0.601130178
0.388180062
0.294843944
0.082876655
0.390917683
0.325432719
0.378721083
0.379522633
0.391124525
0.601130178
0.368385368
0.314499462
0.386778600
0.483160326
0.507500172
0.325664776
0.495343888
0.315809144
0.601130178
0.601130178
0.458551977
0.323820885
0.413723222
0.490089862
0.346836071
0.468892441
0.354732433
0.601130178
0.540141907
0.459461101
0.294549263
0.387518000
0.292690086
0.357988447
0.398208427
0.384761280
0.415721520
0.405049419
0.315288205
0.423756679
0.448648327
0.294832097
0.333143390
0.393912992
0.412428125
0.601130178
0.471986716
0.432503105
0.328292340
0.435849593
0.352365684
0.601130178
0.601130178
0.424628416
0.601130178
0.424437613
0.424622405
0.355569225
0.287686795
0.390392976
0.315434743
0.484227794
0.381715772
0.346554687
0.385809622
0.601130178
0.519506063
0.333820821
0.302906860
0.379438053
0.601130178
0.405276399
0.335818701
0.315069374
0.601130178
0.589652185
0.601130178
0.272227201
0.336260790
0.445720368
0.381617956
0.601130178
0.402080257
0.295341138
0.553079453
0.563848150
0.353102199
0.566343410
0.315072747
0.305157342
0.314800131
0.413198571
0.324605523
0.411221299
0.344680864
0.578672774
0.156651299
0.457008749
0.577910315
0.336319012
0.438797182
0.601130178
0.468036321
0.601130178
0.379731414
0.283696675
0.357292786
0.445867062
0.317553778
0.325490848
0.395681844
0.245692129
0.346785075
0.494848451
0.601130178
0.424658558
0.385396169
0.390689875
0.601130178
0.506067897
0.368088301
0.500639562
0.507344915
0.601130178
0.601130178
0.425189157
0.481691198
0.481725932
0.590185288
0.311169136
0.578094119
0.387093033
0.314870386
0.449275994
0.335219314
0.306096930
0.368946374
0.314605088
0.389845799
0.601130178
0.411618174
0.444696881
0.589724898
0.388076862
0.305049569
0.323922300
0.601130178
0.554410681
0.376092312
0.325387841
0.601130178
0.114264998
0.294588955
0.601130178
0.531021805
0.424180553
0.371757662
0.407062007
0.423439299
0.414111733
0.368165998
0.590025852
0.316690284
0.357581708
0.304825800
0.390868473
0.321144402
0.553791820
0.304882506
0.542792957
0.483301354
0.437231162
0.294827566
0.436706997
0.506704744
0.413491837
0.395713367
0.314041284
0.601130178
0.391182660
0.518824175
0.367951229
0.601130178
0.601130178
0.518641633
0.386023946
0.601130178
0.388419438
0.475859238
0.601130178
0.390482714
0.589916533
0.490607773
0.432154491
0.578277901
0.601130178
0.467998769
0.344825601
0.399722033
0.444573415
0.305017597
0.391214190
0.433076572
0.401522510
0.601130178
0.325462029
0.529600240
0.423080533
0.296542170
0.601130178
0.435441976
0.447967759
0.449602338
0.413696952
0.531757922
0.601130178
0.412523968
0.315459472
0.601130178
0.380006303
0.395591686
0.383909925
0.506713117
0.338352758
0.404354999
0.413893290
0.294988440
0.295725501
0.368578402
0.554573511
0.518715959
0.378839111
0.307045985
0.304898370
0.588968369
0.335923626
0.314074993
0.387736927
0.601130178
0.399184154
0.436661518
0.315015730
0.576705998
0.389327994
0.601130178
0.563389405
0.364019560
0.317317038
0.601130178
0.413381430
0.589724898
0.601130178
0.402420474
0.317847776
0.330935891
0.320247761
0.390712348
0.589670296
0.500606605
0.601130178
0.457663378
0.601130178
0.601026372
0.529398452
0.395344091
0.359032504
0.601130178
0.601130178
0.315243588
0.458946586
0.439813442
0.601130178
0.314440100
0.368371970
0.293405402
0.505870040
0.250034820
0.378043251
0.601130178
0.314548713
0.601130178
0.565195858
0.481387322
0.390622457
0.303186821
0.295548925
0.601130178
0.454142343
0.275582578
0.539921979
0.507292274
0.600926978
0.412974567
0.428935492
0.100344255
0.301027304
0.460232549
0.308382199
0.390123672
0.303169366
0.519685241
0.397457844
0.325163484
0.323291509
0.519600604
0.402515315
0.530594006
0.390183488
0.590021258
0.408863574
0.601130178
0.474726930
0.346425919
0.340913427
0.401088085
0.554880649
0.362852575
0.444713010
0.566829142
0.310277593
0.447640378
0.459568621
0.412811537
0.423623282
0.436087370
0.519487799
0.413440898
0.303745426
0.291694368
0.554457185
0.531589066
0.448214764
0.445708905
0.504586100
0.519596003
0.331632975
0.295266751
0.481611286
0.554652160
0.577358911
0.600728164
0.589524587
0.433775203
0.413229845
0.424668672
0.601130178
0.601130178
0.601130178
0.601130178
0.540085712
0.601130178
0.399301654
0.385935894
0.601130178
0.319598516
0.395695334
0.566496098
0.601130178
0.420547393
0.345421508
0.401963160
0.304387165
0.293595698
0.425084040
0.317390495
0.389093196
0.480933954
0.530838029
0.471986017
0.484020341
0.364817978
0.323813663
0.318562913
0.396465776
0.517625896
0.601130178
0.506925068
0.472366501
0.441661498
0.304949750
0.459811837
0.519656795
0.601130178
0.421407928
0.446337324
0.402176015
0.305078231
0.313855773
0.346465259
0.447413198
0.460461661
0.488795320
0.363158307
0.325763779
0.325412734
0.357724928
0.423834840
0.351003429
0.601130178
0.448331090
0.484067775
0.433673403
0.529191922
0.419267274
0.378559687
0.601130178
0.323589880
0.518918165
0.435933105
0.304829706
0.517419049
0.601130178
0.472136928
0.411143950
0.378470988
0.435244661
0.424746740
0.423680861
0.601130178
0.601130178
0.482580335
0.566195374
0.436237912
0.412161324
0.314625445
0.589410631
0.399683720
0.389493619
0.349383231
0.601130178
0.460377145
0.304669926
0.469535320
0.388600574
0.601130178
0.515603202
0.358269916
0.425143012
0.474994800
0.370970524
0.389662052
0.382218323
0.408672413
0.422276447
0.389019126
0.304107284
0.469462285
0.460218533
0.316277402
0.321567495
0.425088271
0.601130178
0.409676037
0.343113943
0.601130178
0.601130178
0.386869479
0.281292844
0.431572135
0.377755392
0.285299515
0.281603606
0.419248912
0.448814543
0.305345585
0.601130178
0.377852955
0.421281959
0.383005950
0.530904392
0.350874790
0.566311032
0.501463777
0.601130178
0.345051155
0.305090073
0.408167237
0.348972187
0.402288835
0.422873574
0.601130178
0.565945648
0.566278792
0.423770455
0.530740370
0.422175334
0.356264430
0.444469012
0.388497589
0.398197864
0.577703185
0.466873372
0.601130178
0.577974628
0.323952996
0.377879350
0.363872391
0.425252491
0.389247383
0.481488979
0.447610290
0.601130178
0.601130178
0.295188413
0.413875405
0.576650907
0.463189776
0.313207266
0.301689678
0.423708413
0.411234959
0.442683707
0.294538114
0.320812503
0.400029411
0.601130178
0.413985170
0.314182458
0.375391697
0.313069579
0.601130178
0.493082408
0.325577436
0.390832964
0.295721545
0.315308706
0.308856460
0.378193913
0.543279083
0.401207523
0.368530433
0.325784392
0.601130178
0.448559618
0.577754154
0.601130178
0.601130178
0.474388736
0.319469040
0.374905382
0.601130178
0.529764447
0.413628396
0.402257271
0.288184998
0.422340771
0.505838489
0.421058886
0.508112110
0.601130178
0.378546537
0.294781349
0.390698116
0.601130178
0.601130178
0.601130178
0.495739486
0.519248100
0.601130178
0.566847658
0.517732729
0.402121083
0.443782778
0.295333592
0.305261585
0.414067160
0.387109347
0.366918002
0.289256552
0.481314936
0.435499247
0.295019575
0.324424415
0.457008749
0.323134981
0.373400108
0.507928517
0.424635630
0.601130178
0.282469482
0.292440590
0.529951046
0.420682286
0.601130178
0.601130178
0.402428935
0.601130178
0.421614694
0.412400918
0.601130178
0.314651108
0.601130178
0.430343355
0.460321779
0.472296194
0.425355181
0.413805468
0.437031594
0.287362724
0.348240785
0.325225510
0.360499030
0.601130178
0.363753587
0.355927572
0.391787728
0.394421356
0.302128006
0.379242474
0.305197259
0.555266650
0.487199616
0.368175878
0.493926879
0.304802959
0.601130178
0.311389350
0.315008623
0.483629728
0.601247636
0.409530143
0.601130178
0.601130178
0.446627929
0.601130178
0.144888747
0.601130178
0.495739206
0.317751234
0.385297608
0.494669438
0.336003507
0.539786269
0.313561718
0.493101257
0.601130178
0.458037478
0.601130178
0.381302423
0.295184695
0.601130178
0.286491720
0.277364714
0.531542052
0.601130178
0.601130178
0.356833295
0.314663395
0.390944817
0.601130178
0.448341457
0.435675308
0.316664559
0.513556272
0.601130178
0.390931917
0.363596655
0.410806432
0.601130178
0.378604106
0.363328209
0.543363493
0.379740097
0.356967029
0.402351830
0.388041046
0.346895803
0.441494277
0.330505874
0.315259988
0.474130371
0.402034596
0.487590249
0.420189428
0.296518515
0.350694529
0.432332005
0.312798267
0.601130178
0.379539995
0.325122054
0.402238465
0.565626307
0.482387435
0.552171284
0.356016559
0.531260234
0.601130178
0.302879024
0.411189381
0.400682786
0.372554361
0.410140838
0.317704876
0.377702347
0.423041697
0.448000360
0.315479980
0.399911839
0.359726455
0.601130178
0.576393285
0.390603572
0.601130178
0.325577560
0.406189305
0.456361346
0.425309031
0.495639920
0.531424654
0.444489691
0.284949624
0.312667265
0.381369107
0.316085973
0.566445203
0.436566964
0.601098569
0.590053282
0.349637081
0.396943719
0.314239514
0.304343287
0.374309542
0.525679856
0.564973594
0.516327668
0.293371925
0.306669349
0.601130178
0.309073641
0.519440248
0.357386940
0.577854855
0.601130178
0.447798806
0.362755866
0.531504496
0.472866880
0.460639579
0.444424589
0.398082067
0.400359677
0.312914255
0.373413309
0.433072046
0.543134656
0.446518856
0.325395195
0.601130178
0.368206545
0.601518533
0.488366956
0.601130178
0.434117688
0.402234033
0.429817035
0.346891627
0.531316991
0.400461207
0.393733098
0.519054547
0.491662361
0.288397607
0.429881653
0.565931789
0.601130178
0.294828265
0.601130178
0.424558126
0.601130178
0.283558888
0.460293329
0.325528502
0.385233987
0.309488081
0.445957749
0.323730258
0.391787728
0.478096293
0.601130178
0.294729897
0.274943586
0.601225002
0.417969894
0.294902714
0.314006042
0.457214465
0.370245545
0.601130178
0.600606099
0.273400330
0.368780450
0.501850046
0.459054226
0.295144831
0.301989045
0.290322523
0.601130178
0.317088619
0.601130178
0.323899292
0.315171246
0.299877082
0.472018871
0.492297887
0.506731967
0.457321904
0.342506976
0.368622736
0.601130178
0.601130178
0.307130139
0.308289754
0.601279241
0.589875452
0.457177036
0.507838883
0.295403811
0.507226513
0.413825268
0.601130178
0.431336450
0.357508055
0.325639627
0.411526993
0.518668822
0.601130178
0.601130178
0.409482879
0.391172935
0.589843559
0.315224057
0.360060522
0.424193775
0.336134256
0.519027219
0.390361335
0.542770085
0.601130178
0.460237546
0.323604807
0.357651262
0.445415665
0.601130178
0.315215615
0.412540613
0.519068771
0.305009782
0.518589894
0.321259375
0.378982277
0.431918729
0.531696722
0.539814299
0.601130178
0.198395160
0.357400800
0.304702344
0.306985849
0.514097423
0.403543175
0.304954132
0.284865742
0.601130178
0.402179908
0.433654882
0.346626538
0.391196497
0.423471485
0.601130178
0.379282859
0.519398558
0.299884940
0.462388871
0.304597981
0.315015730
0.589993963
0.424011930
0.357209526
0.282986508
0.531059226
0.295231182
0.324324649
0.601130178
0.312756347
0.601130178
0.460339955
0.423639396
0.387677000
0.566311032
0.436564510
0.601130178
0.518532433
0.601130178
0.410674060
0.327235313
0.601130178
0.368740921
0.305597057
0.414003329
0.386918639
0.323054095
0.341472433
0.360659763
0.601130178
0.305077874
0.287235420
0.601130178
0.265951761
0.312923758
0.371872086
0.313257605
0.318697893
0.292683624
0.407343958
0.466156006
0.412674650
0.578236350
0.600759783
0.601130178
0.507961186
0.316971640
0.601130178
0.601130178
0.386900750
0.382703309
0.337644688
0.401260123
0.601130178
0.589524587
0.392375962
0.476376160
0.526454900
0.601130178
0.368253713
0.306252974
0.601130178
0.508003629
0.601130178
0.601130178
0.601130178
0.294722117
0.601130178
0.601130178
0.413468943
0.410879300
0.431983424
0.411682166
0.324787167
0.305345585
0.412896974
0.417392603
0.425668292
0.601130178
0.323392084
0.337691037
0.338497440
0.482642968
0.601130178
0.601130178
0.304994035
0.505841834
0.334584610
0.329519142
0.345123493
0.375564079
0.487872732
0.413902913
0.601130178
0.435275136
0.491186851
0.588434650
0.315199338
0.412960890
0.433368036
0.505592171
0.317404150
0.424122438
0.456849758
0.412359767
0.601130178
0.352915313
0.344292080
0.324291476
0.459693760
0.601130178
0.314840980
0.390873262
0.430167943
0.377197779
0.310080141
0.309536431
0.295309750
0.590030311
0.315492164
0.436770881
0.555076003
0.518825015
0.323998385
0.577446282
0.601130178
0.565172658
0.421787166
0.472347845
0.311128668
0.470614850
0.601130178
0.363859332
0.506713117
0.601130178
0.506765900
0.601130178
0.601130178
0.314984154
0.601130178
0.444173441
0.315093241
0.373520082
0.420168186
0.285192234
0.577147484
0.398989774
0.502457515
0.601130178
0.305598222
0.519882536
0.352064024
0.343150972
0.414053608
0.517535230
0.294992624
0.411759974
0.425160336
0.417731559
0.424686960
0.542195136
0.475502161
0.577092271
0.601130178
0.601130178
0.378818480
0.601130178
0.554108310
0.443301898
0.518571207
0.401029168
0.174250647
0.531607844
0.435928435
0.601130178
0.423504092
0.601130178
0.379625112
0.413604400
0.519506203
0.302448211
0.314898947
0.369007763
0.531049068
0.335465945
0.401017513
0.407017771
0.601130178
0.411246611
0.588521363
0.462651050
0.437008644
0.357556690
0.430241748
0.436666052
0.480968824
0.517469396
0.315154727
0.448158812
0.438430760
0.446695847
0.413363007
0.495390245
0.601130178
0.328707840
0.314854118
0.413975818
0.319338015
0.422418862
0.340620932
0.601130178
0.307206341
0.192309090
0.313177572
0.390962773
0.323600650
0.601130178
0.367824056
0.491327994
0.375444228
0.577207193
0.391886500
0.313337054
0.346792918
0.601130178
0.502966107
0.315158100
0.297840522
0.416440003
0.438676547
0.493399644
0.526229433
0.379411617
0.346165550
0.357395526
0.460396298
0.601130178
0.601130178
0.451603080
0.542513057
0.578047793
0.590180830
0.601130178
0.316941790
0.402528748
0.288215938
0.336104463
0.315027783
0.495969893
0.390177500
0.507401461
0.531115566
0.589642858
0.601130178
0.304204709
0.543251085
0.601130178
0.507476856
0.542466335
0.601130178
0.419548691
0.394907390
0.601130178
0.390711547
0.312203486
0.530022573
0.433585464
0.577854855
0.382013765
0.328957475
0.530974784
0.590176236
0.470114298
0.531302941
0.420322532
0.399923254
0.395195479
0.506713117
0.601130178
0.460255583
0.410323155
0.289016477
0.413724457
0.601130178
0.601536609
0.601130178
0.601130178
0.449397210
0.398556119
0.601130178
0.519577179
0.402157749
0.322090509
0.601130178
0.315036827
0.395375605
0.601130178
0.315008623
0.295344866
0.295596029
0.385126967
0.323724275
0.530275812
0.528966732
0.292621298
0.577863984
0.601130178
0.601130178
0.402089524
0.371432213
0.424207555
0.406848326
0.370394818
0.378972016
0.336348564
0.397313508
0.578024904
0.601130178
0.304746737
0.315886517
0.601130178
0.470245799
0.475708909
0.601130178
0.518979384
0.331148662
0.469546738
0.397286354
0.357405033
0.578456893
0.404495736
0.553219182
0.601130178
0.519497281
0.398271746
0.295082316
0.601130178
0.305165507
0.506831803
0.442130725
0.578704916
0.542175582
0.424614495
0.314235421
0.412085961
0.483150840
0.421214944
0.404913196
0.578557959
0.457018036
0.564626350
0.375204440
0.314703136
0.431308773
0.495837791
0.433291919
0.402297699
0.408751373
0.541526461
0.313910501
0.384266454
0.377186869
0.355118022
0.387019892
0.434309687
0.601130178
0.448546217
0.302607215
0.601130178
0.543228217
0.448634510
0.412177179
0.304954132
0.379602218
0.601130178
0.430214088
0.355962148
0.601130178
0.471873955
0.379544864
0.601130178
0.325432842
0.601130178
0.429535457
0.601130178
0.601130178
0.365299627
0.423556608
0.424732259
0.325594488
0.393742166
0.601130178
0.566514480
0.601130178
0.368609735
0.312270646
0.366840946
0.296789733
0.427528641
0.298139905
0.472544850
0.308816277
0.357789347
0.302587293
0.566403223
0.601130178
0.432882380
0.491572870
0.551616903
0.601130178
0.375519285
0.531166477
0.372083358
0.402280106
0.390442164
0.305033693
0.323734294
0.472103793
0.357460969
0.325614725
0.413980290
0.357872151
0.382302875
0.526290431
0.367811067
0.357504207
0.368442951
0.601130178
0.379322301
0.459216381
0.578222727
0.322044420
0.566001084
0.315333309
0.445006158
0.206605964
0.601130178
0.481518970
0.375085151
0.444157316
0.601130178
0.578369442
0.313025133
0.357439673
0.601130178
0.291533147
0.318634078
0.378107734
0.323924125
0.413879740
0.601130178
0.601130178
0.425188050
0.342662993
0.378737111
0.480980948
0.507632112
0.379198300
0.423989011
0.410756125
0.507519160
0.577905408
0.514935039
0.555210782
0.601130178
0.448462071
0.601130178
0.373282596
0.444573415
0.459155622
0.354521232
0.315499882
0.315081307
0.436303732
0.519473576
0.493766864
0.384698868
0.315385893
0.601130178
0.325267183
0.541820182
0.434580609
0.410373299
0.437231300
0.382494166
0.506237407
0.413399581
0.507527814
0.307318583
0.387437525
0.325338182
0.309355231
0.459848324
0.601130178
0.601130178
0.315288205
0.601130178
0.095924440
0.433479148
0.601130178
0.566759465
0.589852749
0.351124183
0.447722029
0.284478308
0.315040432
0.601130178
0.589943694
0.373860125
0.325825742
0.293548780
0.539659850
0.268123241
0.436363069
0.589939371
0.389487235
0.460765876
0.357409653
0.601130178
0.446655956
0.566505013
0.601130178
0.601130178
0.302905430
0.601130178
0.456938609
0.518518348
0.325788317
0.565797581
0.303813122
0.306857635
0.356428426
0.601130178
0.325796661
0.601130178
0.601130178
0.413541961
0.295717589
0.312608100
0.400339168
0.303161459
0.324208858
0.531602975
0.448555058
0.397341986
0.578107605
0.305121931
0.419349834
0.409347935
0.436414040
0.344446974
0.370702433
0.397554021
0.601130178
0.295682340
0.301868232
0.460803349
0.601130178
0.413692345
0.437240371
0.298699988
0.360781364
0.405962163
0.516769875
0.601130178
0.303225069
0.335092214
0.601130178
0.361155037
0.372237373
0.413071944
0.325796661
0.411833039
0.327528457
0.513801036
0.440180113
0.332627593
0.589032195
0.530603328
0.302636466
0.413163090
0.601130178
0.484053405
0.542929089
0.601130178
0.324725307
0.601130178
0.424240315
0.374581975
0.356612572
0.379194093
0.312385479
0.434849109
0.601130178
0.448294759
0.601130178
0.315386256
0.578571852
0.519139191
0.589693273
0.601130178
0.519262324
0.601130178
0.397662260
0.438444651
0.429581585
0.518952056
0.315032245
0.500696121
0.304873743
0.601130178
0.531228104
0.368293482
0.448843994
0.401785514
0.311015660
0.305189204
0.346805953
0.601130178
0.315499882
0.247261805
0.421003738
0.390626044
0.476944833
0.357114361
0.370192796
0.526595689
0.390047652
0.471188964
0.601130178
0.402555066
0.394421356
0.325159439
0.318137799
0.301943698
0.315309070
0.390500662
0.601130178
0.601130178
0.294600222
0.406475648
0.410209221
0.530795736
0.554996815
0.577970132
0.342159111
0.445878665
0.518002195
0.305333261
0.601130178
0.601130178
0.507881046
0.601130178
0.436999712
0.542965820
0.315166783
0.564496718
0.314040448
0.601130178
0.601130178
0.433738160
0.566260132
0.397165966
0.495099243
0.483658607
0.601130178
0.314560282
0.468791458
0.601130178
0.346456657
0.312137141
0.566056657
0.484293643
0.358911162
0.346703842
0.325585901
0.378767999
0.366598598
0.457207266
0.601130178
0.403026309
0.601130178
0.601130178
0.493263090
0.425184653
0.413619182
0.601130178
0.530349969
0.601130178
0.402012036
0.307936437
0.543054674
0.566888940
0.601130178
0.332096704
0.423657810
0.471497547
0.530777793
0.320680593
0.425161854
0.601130178
0.383803044
0.305876882
0.601130178
0.323637821
0.331335775
0.435946978
0.315048508
0.480792835
0.492735733
0.424315504
0.295082549
0.279920294
0.471597217
0.448043465
0.445494732
0.413117584
0.505080417
0.507730400
0.397967645
0.601130178
0.577960593
0.601161787
0.313805123
0.379430166
0.302519751
0.324762422
0.505775788
0.576577266
0.303133610
0.412355165
0.366180662
0.313231659
0.343278402
0.402382846
0.601130178
0.530443745
0.431532383
0.436934292
0.331858482
0.379518556
0.601130178
0.601130178
0.283662281
0.410906759
0.423867033
0.346571764
0.356210488
0.494142044
0.368153004
0.438124635
0.315219715
0.588735483
0.566496098
0.377295154
0.316612805
0.402442772
0.601130178
0.513057375
0.368442951
0.323717784
0.601130178
0.346465132
0.471769964
0.314115428
0.514619844
0.350990577
0.601130178
0.397671483
0.182743647
0.127406521
0.477226752
0.601130178
0.423489896
0.379261558
0.475018202
0.354803133
0.601130178
0.355523648
0.366364261
0.405653308
0.601130178
0.321749210
0.486823093
0.390658359
0.601130178
0.334798553
0.356098656
0.338508844
0.410363962
0.412654323
0.588680976
0.287536290
0.304342702
0.386280138
0.567000167
0.302704022
0.577106040
0.305685021
0.601130178
0.387795268
0.365063812
0.601179868
0.389814442
0.601130178
0.458004753
0.469190157
0.483629728
0.578443273
0.436109068
0.601130178
0.368315968
0.437823231
0.331648838
0.393472310
0.601130178
0.344880878
0.420723673
0.444471070
0.398113656
0.367046618
0.314667491
0.472047132
0.494119988
0.541414261
0.383290857
0.601130178
0.325577436
0.601130178
0.394628315
0.363091281
0.292725243
0.342816750
0.601130178
0.601130178
0.368376791
0.361221520
0.456868470
0.283562746
0.601130178
0.601130178
0.389097588
0.364867284
0.601130178
0.302727840
0.601130178
0.474116304
0.448093468
0.601130178
0.428584833
0.352112050
0.276466999
0.600886253
0.368530041
0.422616072
0.346332071
0.577716949
0.578240982
0.410257480
0.601179868
0.299900773
0.333714380
0.385898974
0.313847834
0.578103247
0.305306454
0.318697893
0.565894738
0.386378015
0.601130178
0.295356832
0.601130178
0.601130178
0.378435642
0.357122964
0.436073496
0.304941818
0.295314062
0.402461042
0.367995271
0.325490725
0.379304821
0.435073446
0.292955326
0.305313475
0.588543953
0.435647428
0.315435348
0.319336439
0.317231371
0.390688940
0.365593022
0.315020676
0.413884347
0.373886024
0.305021733
0.575859499
0.505132222
0.465551360
0.601130178
0.367241555
0.367887063
0.518439558
0.577620462
0.450110530
0.330737033
0.601130178
0.384141694
0.341955577
0.413623653
0.601130178
0.324949877
0.315272167
0.391223237
0.422446392
0.317043744
0.507904641
0.468997758
0.577836459
0.346503329
0.438695116
0.504002124
0.507133110
0.366814738
0.469239675
0.601130178
0.389482719
0.387319297
0.315370095
0.352296101
0.601130178
0.425165811
0.425759094
0.304352051
0.411533913
0.601130178
0.601130178
0.601130178
0.385516325
0.450894036
0.601021683
0.427694623
0.577749520
0.507820035
0.601130178
0.578507564
0.601130178
0.487962196
0.314570044
0.294558439
0.314926299
0.378967678
0.499382009
0.305061649
0.346080341
0.530889642
0.501369653
0.309389348
0.601130178
0.379611164
0.601130178
0.601130178
0.541924051
0.531457481
0.601130178
0.601130178
0.601130178
0.375487074
0.601130178
0.531767101
0.448220294
0.601699142
0.402229871
0.385838059
0.316428175
0.601130178
0.312171100
0.601130178
0.371159552
0.350878989
0.578516689
0.357720693
0.362822097
0.459721786
0.443878345
0.601130178
0.447568441
0.324415361
0.577386034
0.386007639
0.429401596
0.483926033
0.496012484
0.303077798
0.313792854
0.325755806
0.519971910
0.459787274
0.413069893
0.601130178
