0.319816381
0.360972106
0.577311993
0.374680161
0.390613943
0.297957242
0.298122615
0.613177598
0.338992447
0.389836788
0.392864138
0.621852279
0.724434674
0.355598807
0.299911052
0.753128588
0.498824507
0.384812444
0.357276201
0.221278250
0.413673401
0.277182013
0.348427832
0.303974271
0.753953576
0.667096376
0.911182642
0.300785184
0.435111463
0.355731487
0.251308799
0.044004094
0.466100276
0.353407681
0.298231810
0.578776658
0.269450516
0.376637399
0.330699712
0.428327978
0.355747849
0.298000813
0.604446411
0.727721334
0.263237238
0.767727077
0.320901424
0.350488812
0.341987580
0.380545974
0.458456874
0.360991061
0.447806448
0.546223223
0.560632348
0.206474990
0.358873129
0.316888928
0.348702967
0.709945381
0.759293497
0.638138533
0.254830241
0.422978848
0.280224055
0.278911829
0.234194681
0.391733736
0.365694404
0.630020082
0.377560318
0.381321579
0.561571002
0.346399337
0.759976804
0.365346670
0.392943799
0.358851880
0.284823775
0.046214029
0.368827373
0.441750497
0.558146179
0.752539694
0.523539722
0.278988808
0.540446639
0.318649888
0.396592021
0.610212982
0.414056063
0.366865486
0.320227176
0.296353072
0.678849399
0.915620148
0.638494968
0.345549792
0.336534977
0.782655418
0.290095598
0.701558650
0.359972835
0.379213184
0.667654335
0.641924322
0.264291674
0.421555579
0.346152753
0.462939948
0.325120866
0.492673278
0.390429527
0.305115312
0.350174129
0.286687464
0.719145656
0.911850989
0.400510371
0.395461172
0.379438907
0.568615556
0.252153665
0.764539301
0.348758817
0.406875759
0.399876773
0.921207547
0.322080642
0.382081270
0.725476801
0.274515688
0.301351935
0.262953639
0.382593036
0.380852491
0.307175517
0.626817167
0.293194741
0.298621207
0.280480534
0.580311954
0.385010451
0.364044696
0.613420129
0.627469420
0.303409219
0.377912819
0.376725078
0.389813185
0.381197125
0.343161047
0.279359370
0.308149904
0.334782779
0.330890149
0.931528509
0.433910698
0.276503801
0.740991652
0.365415633
0.298970282
0.415355176
0.714209139
0.265348673
0.551467478
0.366957098
0.320293993
0.334578335
0.340407878
0.354677945
0.362898827
0.380034834
0.309189796
0.372446179
0.350659579
0.845845103
0.427396178
0.324897468
0.310161799
0.323934227
0.430509388
0.661025286
0.363416195
0.698253870
0.299127370
0.465100884
0.330728114
0.387525499
0.393685520
0.504328132
0.364270687
0.366294295
0.340055525
0.665146887
0.238960370
0.364690334
0.352017850
0.769698441
0.285088003
0.547392070
0.345551997
0.596533418
0.594880879
0.308259428
0.397725642
0.678151309
0.315336376
0.397709936
0.330863774
0.549475431
0.396523625
0.575916290
0.320232064
0.338377446
0.782298148
0.646844506
0.249933943
0.792158782
0.750438094
0.948644280
0.318230331
0.287720859
0.360235006
0.328560531
0.648563981
0.298341990
0.309327185
0.389797717
0.377380550
0.731848121
0.386996180
0.387252718
0.316548228
0.571440399
0.367133826
0.319088191
0.322631657
0.961242080
0.776841700
0.390287727
0.559855342
0.332010299
0.321807384
0.634311378
0.381999761
0.600208163
0.436852247
0.249180391
0.378324270
0.329726845
0.272921115
0.376994550
0.731228054
0.321864277
0.338726521
0.167034894
0.877661884
0.705246031
0.382191718
0.665924549
0.214349762
0.320382744
0.278269976
0.323844016
0.324022710
0.328167021
0.636378944
0.408086717
0.394024998
0.357358277
0.764903665
0.598378003
0.724142253
0.400458127
0.679274917
0.919999421
0.345985413
0.480395585
0.603703439
0.372537464
0.305587381
0.290175408
0.572823465
0.963861287
0.534631729
0.336775571
0.784976125
0.788599074
0.356430590
0.748362362
0.370547861
0.303926229
0.671124816
0.380893558
0.348927975
0.337959468
0.802827060
0.438840032
0.381519854
0.656339586
0.319126695
0.660296619
0.622244239
0.746715188
0.287941605
0.349312127
0.721367061
0.241087586
0.643221915
0.252078414
0.380275846
0.270885766
0.312258840
0.368698269
0.760886848
0.406076878
0.669005215
0.340742081
0.331250131
0.387850106
0.376442671
0.250633925
0.419293702
0.393391609
0.309506059
0.509199679
0.340339303
0.366070569
0.280012518
0.438432008
0.593001783
0.450443536
0.326629281
0.356424034
0.289345145
0.619746745
0.699403286
0.265701592
0.413119107
0.958583117
0.324766934
0.402975321
0.430482537
0.536453068
0.401627719
0.280115366
0.287588060
0.270966053
0.406970739
0.288774729
0.464768767
0.351293445
0.296854734
0.357203960
0.707431555
0.372749746
0.385186046
0.953962803
0.332933187
0.648731172
0.351517439
0.693578720
0.612000465
0.357829005
0.679658711
0.405368954
0.374035180
0.243155837
0.276773453
0.309347659
0.323649019
0.614854991
0.375145793
0.327289283
0.936886787
0.283078820
0.630907476
0.353112161
0.544901609
0.666062176
0.315694213
0.337955981
0.298604220
0.392527103
0.350052357
0.444045544
0.238234982
0.317573667
0.434340447
0.251919657
0.593376815
0.332020491
0.382813811
0.246940896
0.598052979
0.348871619
0.259781361
0.583841503
0.866418302
0.447654516
0.348597556
0.312852859
0.687772393
0.346572131
0.302599698
0.757122576
0.588880479
0.343808353
0.439547211
0.291777879
0.336891502
0.380513817
0.371872634
0.382210940
0.288705051
0.593062341
0.403474450
0.345436245
0.353278369
0.252624542
0.745685816
0.580007195
0.299112052
0.675117552
0.387413472
0.324107200
0.598566175
0.601543069
0.897281229
0.241283804
0.942518413
0.341463774
0.664395690
0.385081589
0.381286711
0.349453241
0.275386721
0.517659903
0.484722465
0.309623241
0.411598295
0.302977264
0.729612350
0.348824710
0.772147298
0.361727208
0.358667284
0.366038054
0.407200038
0.411955804
0.421556056
0.411801785
0.161904007
0.778145313
0.338909239
0.963503361
0.544422805
0.181352600
0.421930939
0.364394724
0.286119074
0.405500412
0.942348778
0.351726741
0.395837098
0.375571787
0.602726698
0.380567223
0.271060795
0.362508565
0.742918968
0.342026055
0.383288980
0.755042255
0.337029070
0.297035068
0.365198702
0.383441359
0.434151530
0.363124967
0.306714743
0.956321776
0.311716259
0.293241054
0.299921781
0.312527686
0.343208969
0.314387888
0.182777569
0.329728335
0.350715876
0.744478643
0.319679618
0.687974811
0.479156703
0.520318449
0.586631954
0.296501219
0.711123347
0.407277495
0.361422569
0.105190277
0.371599972
0.293749869
0.393097878
0.271021873
0.594554424
0.326020896
0.359446436
0.237002477
0.351396233
0.580061316
0.811185956
0.735638499
0.666545689
0.725275397
0.324647576
0.796629250
0.330248684
0.052776188
0.363739640
0.523599863
0.749689460
0.766304076
0.263563514
0.393659621
0.192971468
0.371587396
0.405764878
0.367255032
0.620010793
0.310117155
0.744852543
0.295306802
0.332816035
0.452707380
0.750306249
0.298756570
0.838915050
0.341560215
0.304610282
0.293563813
0.560740292
0.679791152
0.286981255
0.374441028
0.385739535
0.386913836
0.358735442
0.792738855
0.396837562
0.292317301
0.308467299
0.964816511
0.812716365
0.345375240
0.398637533
0.304704815
0.366911680
0.314489305
0.354492545
0.590128899
0.873206377
0.946468592
0.363337696
0.383477867
0.930354476
0.315250158
0.611376345
0.682426751
0.360432237
0.776979506
0.336450785
0.547828794
0.524043202
0.331101149
0.318398654
0.287176639
0.251360476
0.392337590
0.343591988
0.725752413
0.316702217
0.342637450
0.259408236
0.415931582
0.395255387
0.306215078
0.590064645
0.442444444
0.288229197
0.373037159
0.279968530
0.344245255
0.467060685
0.354952931
0.309625655
0.463866800
0.253822297
0.391542763
0.236036077
0.430610657
0.634993315
0.331630856
0.287890792
0.439639032
0.667515576
0.505080104
0.338363081
0.305864483
0.372717559
0.140090093
0.387640625
0.392444134
0.343105644
0.403160542
0.370484382
0.346188992
0.299496174
0.382376820
0.387886465
0.636458158
0.299761951
0.337113231
0.385517925
0.701020837
0.335745990
0.303280056
0.384042561
0.184827000
0.341377109
0.297839224
0.565982044
0.442464203
0.308628887
0.304901719
0.385873318
0.438368261
0.742593408
0.765379071
0.598166466
0.338881910
0.729043603
0.619285941
0.449561268
0.942262232
0.747704268
0.325101316
0.335245967
0.352057129
0.323867589
0.322105885
0.592921793
0.963234067
0.302858531
0.346943408
0.564487636
0.335416526
0.395452470
0.281293124
0.568205595
0.281222284
0.272036463
0.635070920
0.348235518
0.271504790
0.397923797
0.765450299
0.391858429
0.747422993
0.320712835
0.621540606
0.346388906
0.329558164
0.277711213
0.612975717
0.409221619
0.329409122
0.327076912
0.816861272
0.245792702
0.308763474
0.751117110
0.294697046
0.364227682
0.278260112
0.515204310
0.354804963
0.380670398
0.286850065
0.686391175
0.261552513
0.341737330
0.957552612
0.380451471
0.734675586
0.718357742
0.206256166
0.382139653
0.395007938
0.319212466
0.576458275
0.298763186
0.955523193
0.594802678
0.580573380
0.760514617
0.565529525
0.418438613
0.237748995
0.774418354
0.347378075
0.155587137
0.362555772
0.571662128
0.585139275
0.301624686
0.333909333
0.371281892
0.763134658
0.271731049
0.368419349
0.366050094
0.293546826
0.349892676
0.695415199
0.361823410
0.411435634
0.350482255
0.317720413
0.330574781
0.259788483
0.313464701
0.558328152
0.365155578
0.288767099
0.665370405
0.306257665
0.366113007
0.302199394
0.409564167
0.395796359
0.946604908
0.401982248
0.482252240
0.366227627
0.271097481
0.370918125
0.282847345
0.768596470
0.228941351
0.861584842
0.327710778
0.624709129
0.323300630
0.361399859
0.746484578
0.288628668
0.596226096
0.377164900
0.353893489
0.685610533
0.392116666
0.339956671
0.958886445
0.304097712
0.282204956
0.350346088
0.932723284
0.948804677
0.352640986
0.754054725
0.390825808
0.723566949
0.367248625
0.358736366
0.542780638
0.306401998
0.339507252
0.499311328
0.335054725
0.576230764
0.957457721
0.326165199
0.397365123
0.764469385
0.406240493
0.345763355
0.326274604
0.338033319
0.350351661
0.567777276
0.955565095
0.309093714
0.275024801
0.287825525
0.272997856
0.344440192
0.658129275
0.556866527
0.322028846
0.775130868
0.347307414
0.303591013
0.762993336
0.516069710
0.340577513
0.049324084
0.305906296
0.695895672
0.336509943
0.352475137
0.956257164
0.348612309
0.318813920
0.957324743
0.390583187
0.364109963
0.353999943
0.826787949
0.757952571
0.385907471
0.411303222
0.423595965
0.370716989
0.750830412
0.321405351
0.576408625
0.389425993
0.375797451
0.763774455
0.237231135
0.354836941
0.672564209
0.714770734
0.571097255
0.711186469
0.447840124
0.744507015
0.422283679
0.296371132
0.347249866
0.302661151
0.394283056
0.355279863
0.467116654
0.886036932
0.399286032
0.582679570
0.479500055
0.313186496
0.412830561
0.508466244
0.294806808
0.741428733
0.737855732
0.556980908
0.653735995
0.425824076
0.587377667
0.364987791
0.305890977
0.342437267
0.346149117
0.581303298
0.955839634
0.352092147
0.396120012
0.366538793
0.345526040
0.255787790
0.562825680
0.958180189
0.318142176
0.267744064
0.684766352
0.647631705
0.359869242
0.962696135
0.422178090
0.374689490
0.393151999
0.933688641
0.728344381
0.335429162
0.392248690
0.607256413
0.359176248
0.720364153
0.302393585
0.320653200
0.904291928
0.292525589
0.369699299
0.355738312
0.370350778
0.409500659
0.229380146
0.960334122
0.349889845
0.703856587
0.388611406
0.348244220
0.945414066
0.290637732
0.329304665
0.306984037
0.447539032
0.361795396
0.313182682
0.361654252
0.766127348
0.717443407
0.638010085
0.280099422
0.369577706
0.781946063
0.343259752
0.852725625
0.659124494
0.498267829
0.730824888
0.321066767
0.813286066
0.315699220
0.503940582
0.236086279
0.596972346
0.348930061
0.764701247
0.353121668
0.412215203
0.601783872
0.264317095
0.201253921
0.339321733
0.329527467
0.702632964
0.370158106
0.369301170
0.296680242
0.309101522
0.406502724
0.289213747
0.444206446
0.733146608
0.357950270
0.321611792
0.328406185
0.319174767
0.920236707
0.578415096
0.604441762
0.398530662
0.295926034
0.693461955
0.382622749
0.741601229
0.379808128
0.375131428
0.368708134
0.958012581
0.343764573
0.776584923
0.949673355
0.044754904
0.364747852
0.651743829
0.852621078
0.584144831
0.325248152
0.384809762
0.366626590
0.163363203
0.379760206
0.339776695
0.360610336
0.660296857
0.161984965
0.260498136
0.673506558
0.376436085
0.316580117
0.341335565
0.476641715
0.362386227
0.373559654
0.626469910
0.273814052
0.340667456
0.278210878
0.326431870
0.332082927
0.343552381
0.365573645
0.274100929
0.359693348
0.327227831
0.306968451
0.370780289
0.236736700
0.706180751
0.294662565
0.764543772
0.408332348
0.332350284
0.381203741
0.358401000
0.397685200
0.965289712
0.316001117
0.764491916
0.800801754
0.764284849
0.364785999
0.730799675
0.959954977
0.358478993
0.718105733
0.425166935
0.342703491
0.412243336
0.767516911
0.395429850
0.710966706
0.358865708
0.359460324
0.274516702
0.365137190
0.333756894
0.398264021
0.297432184
0.502238631
0.335168332
0.943557382
0.254144520
0.366483897
0.429449975
0.261984020
0.283054292
0.316790402
0.610902429
0.354930818
0.415207833
0.275841802
0.390419364
0.240786314
0.324426323
0.344513208
0.777783394
0.329232961
0.311698020
0.625269115
0.362054378
0.374672085
0.319265544
0.405093402
0.377907991
0.368734300
0.374633878
0.505678892
0.343418211
0.344423771
0.398909986
0.360541821
0.339373320
0.297624856
0.713613272
0.720679641
0.659909368
0.325927615
0.375582099
0.317903340
0.369645327
0.400606155
0.432143897
0.326702774
0.757224143
0.328071564
0.396543503
0.255962163
0.363842487
0.332973331
0.749604940
0.957981169
0.350069582
0.597556889
0.378025353
0.386537105
0.312496513
0.381906033
0.361736894
0.409782916
0.367390096
0.300724953
0.695195794
0.356810540
0.262986422
0.367523968
0.646366775
0.364210039
0.661415875
0.300349563
0.665538132
0.353261441
0.309170276
0.581273317
0.570482075
0.522826552
0.763876259
0.398731917
0.438082367
0.344867170
0.391560972
0.532383800
0.747750401
0.584876955
0.789753139
0.335758239
0.879492462
0.291417331
0.273746729
0.449635267
0.326033592
0.286483735
0.779846966
0.361199051
0.609244108
0.265592903
0.386427373
0.247088552
0.361748129
0.685976923
0.335800439
0.318383545
0.287497997
0.786803603
0.706970692
0.342696816
0.358165711
0.762404263
0.304428011
0.410940200
0.334280461
0.410744309
0.777843952
0.313241184
0.357423365
0.400258958
0.615213394
0.305949241
0.601646483
0.265918612
0.362784952
0.404324383
0.372514009
0.326393396
0.686919212
0.431486845
0.402799994
0.291740924
0.389390677
0.596176386
0.215842023
0.645375252
0.414191544
0.326887012
0.665807009
0.320034295
0.585333526
0.340984523
0.957740188
0.309195369
0.327124357
0.380421102
0.332492501
0.581126273
0.341442257
0.392923921
0.313042581
0.447695613
0.573003888
0.385562539
0.294533402
0.243867755
0.723729968
0.321178347
0.645004511
0.429199576
0.350617379
0.396268278
0.717050552
0.799781322
0.330683053
0.702963591
0.325232059
0.255651295
0.590498209
0.805969357
0.444975942
0.155451447
0.309291720
0.338506997
0.673941672
0.522630870
0.392769367
0.578319490
0.410157651
0.586596906
0.301943541
0.221887648
0.314944893
0.388843924
0.410614252
0.336082548
0.432840139
0.414924771
0.717520595
0.377168655
0.338114917
0.380031347
0.966985524
0.243364453
0.302580625
0.405749083
0.835352182
0.942097306
0.395593017
0.372668475
0.967071891
0.305707991
0.685049057
0.360800773
0.719796300
0.285975665
0.367602736
0.722131670
0.318172395
0.308215141
0.262969106
0.284471452
0.954650581
0.350817144
0.398935020
0.323617071
0.776947439
0.379992574
0.728689075
0.737451792
0.299666971
0.413406491
0.525929451
0.365435392
0.376726687
0.325207859
0.352217853
0.439856321
0.355162442
0.370978594
0.342093736
0.310654879
0.356795788
0.346047312
0.306572586
0.385532022
0.595555305
0.450448453
0.370605439
0.591172338
0.529671967
0.341304898
0.246982783
0.377426356
0.427567869
0.310750067
0.637347341
0.410631031
0.382931799
0.949250698
0.299213141
0.345587522
0.417009503
0.563462973
0.331917644
0.327933699
0.413896531
0.728699505
0.276867181
0.333166122
0.373729825
0.664066195
0.781825244
0.373523265
0.952925086
0.669399679
0.350267559
0.407560289
0.695997417
0.784897149
0.721591055
0.667038500
0.315981179
0.787112057
0.755860090
0.268653482
0.389492303
0.585419238
0.630080104
0.337640166
0.365143567
0.798899651
0.320085257
0.291149706
0.407383382
0.329837799
0.206054240
0.717032135
0.550179780
0.734309316
0.478164822
0.284530908
0.434512317
0.370871395
0.951158702
0.602227032
0.335156173
0.421663284
0.444761157
0.709279418
0.941275299
0.386878312
0.260685831
0.586649358
0.341341674
0.901587665
0.544236541
0.685818374
0.401194423
0.677847743
0.354104221
0.379975826
0.313339412
0.326700896
0.310350865
0.399413317
0.274637848
0.432600766
0.330575764
0.380579203
0.549882650
0.377918541
0.346187323
0.361118674
0.903801858
0.310379267
0.659490049
0.371582001
0.353133023
0.306339324
0.356172085
0.628895938
0.632953823
0.710380256
0.959581554
0.663094759
0.298184067
0.399778575
0.314849287
0.346001446
0.333908528
0.725994110
0.255628109
0.441394746
0.251591474
0.342280328
0.323723882
0.367505401
0.238959879
0.828997254
0.757792056
0.669106245
0.284090936
0.314799100
0.397505909
0.350485384
0.285488784
0.734867513
0.326104343
0.376676440
0.556455791
0.345753461
0.896826267
0.660218775
0.368373722
0.763504744
0.318824023
0.358692139
0.265765667
0.395870626
0.354896635
0.308702022
0.372776985
0.399387687
0.276921183
0.953506649
0.339654505
0.299096584
0.333199918
0.719487727
0.382547736
0.382248133
0.291392684
0.356394351
0.775176287
0.357456207
0.307302117
0.360168368
0.325660884
0.367763132
0.594769955
0.323360413
0.490982443
0.811228395
0.393148273
0.616187215
0.693805337
0.283124208
0.382566184
0.375809640
0.486768275
0.261494935
0.379720092
0.959388077
0.303552777
0.911721408
0.786012292
0.687316775
0.281572580
0.571305573
0.299835712
0.332396477
0.339182407
0.694390178
0.249847651
0.354631692
0.720780313
0.326773971
0.377534837
0.362065732
0.735334277
0.834962606
0.521569252
0.450972497
0.297099024
0.633374393
0.341535836
0.435355574
0.304318994
0.362758964
0.427744001
0.370252103
0.338746041
0.377350748
0.768750846
0.717922330
0.342194825
0.956531942
0.759810209
0.380424142
0.306937337
0.598512113
0.345641524
0.585675776
0.359680235
0.343455374
0.343632936
0.311043471
0.259197026
0.761307657
0.307287008
0.593924880
0.348417670
0.234064355
0.356970489
0.351587772
0.367294103
0.618600488
0.259811670
0.936549246
0.392215371
0.349256068
0.299989849
0.256569505
0.207975119
0.372506171
0.306095779
0.358661711
0.357712418
0.487324774
0.596005261
0.625362277
0.281722397
0.685184360
0.279277831
0.905054986
0.349242270
0.298357338
0.387370110
0.329970300
0.543361008
0.585438251
0.230153829
0.366162211
0.659518361
0.462122589
0.368119627
0.914558351
0.320290118
0.327656388
0.367019564
0.294463933
0.330913514
0.373112589
0.290757328
0.418856323
0.553909421
0.378012419
0.338196427
0.195293054
0.577299595
0.338170081
0.347087264
0.643708944
0.338615924
0.268212944
0.342502356
0.368154317
0.638967514
0.317201316
0.593359172
0.368072510
0.588765085
0.624537408
0.363278598
0.293926805
0.422962487
0.684642076
0.284598589
0.424539268
0.965416610
0.347036570
0.437213004
0.315512449
0.297958553
0.386706948
0.717211068
0.354842573
0.762076557
0.432674110
0.387866378
0.378080249
0.342318594
0.474807262
0.735462248
0.794739842
0.551946759
0.353542864
0.664882660
0.714760780
0.303121746
0.330858618
0.289720476
0.261440217
0.342266887
0.346105188
0.354697198
0.682619810
0.397643596
0.429213107
0.345804870
0.349487543
0.182891414
0.336008847
0.407862365
0.408833683
0.407705843
0.404623181
0.116859205
0.408506602
0.374046475
0.767836690
0.299861044
0.385697097
0.368860066
0.274782240
0.701990366
0.324732810
0.290117741
0.773927450
0.381420135
0.321542472
0.381411254
0.606701076
0.382258445
0.301564217
0.745184958
0.243923411
0.317539006
0.615204155
0.360235393
0.372259438
0.405875981
0.721244276
0.364108413
0.601742744
0.329912931
0.241949916
0.743583024
0.217250019
0.347252667
0.301708877
0.793795884
0.312744826
0.721754193
0.339131236
0.303431481
0.346946210
0.233901083
0.334376365
0.296597272
0.577093661
0.382862449
0.336931825
0.686089575
0.369208843
0.368902385
0.243331775
0.412999749
0.391482830
0.342618346
0.363173336
0.342352211
0.449351549
0.275891036
0.538353205
0.480849832
0.338145375
0.292203009
0.615411997
0.597386956
0.279023230
0.350545853
0.406855553
0.609042227
0.311718404
0.696496308
0.553709567
0.650642157
0.373631865
0.708485603
0.295858055
0.273920298
0.361292839
0.309324592
0.302649528
0.295154780
0.330062062
0.556886196
0.292083651
0.625536442
0.279650778
0.503493965
0.204365119
0.327422887
0.313025117
0.284531116
0.748091161
0.359516144
0.374265641
0.364747018
0.047175657
0.404373914
0.367872775
0.711818039
0.774879396
0.261356592
0.549917936
0.730097950
0.761749804
0.595263898
0.272059798
0.350516260
0.381039292
0.622338057
0.637174785
0.413277119
0.502129078
0.350911260
0.695554733
0.306434482
0.706369400
0.314087093
0.383548796
0.418299407
0.696186662
0.339649290
0.963793933
0.383874357
0.664781630
0.425322562
0.400154710
0.360183716
0.963244259
0.251706034
0.581521094
0.396203220
0.956888855
0.314830095
0.261710346
0.316497564
0.582405329
0.350023240
0.388958603
0.406664222
0.353171587
0.502300978
0.368404478
0.280350715
0.367493272
0.296801597
0.282778978
0.738246083
0.268457264
0.743977249
0.296214521
0.747352183
0.558262587
0.169764295
0.428157806
0.307984114
0.419619977
0.382903963
0.632975698
0.586293995
0.768606603
0.336623788
0.457287282
0.320879847
0.281779855
0.304640859
0.305517316
0.283176005
0.405820131
0.273637086
0.292589933
0.759105802
0.391293794
0.341469288
0.385880560
0.376323640
0.356499910
0.401104957
0.426016271
0.934736848
0.286692500
0.671689212
0.317908227
0.284024358
0.413859397
0.307556421
0.389702708
0.377392501
0.361695081
0.620233655
0.729850113
0.356911540
0.353361964
0.371451616
0.280558050
0.581310868
0.066293731
0.340914875
0.523259938
0.965316474
0.367403656
0.380192757
0.306400955
0.403269768
0.621121585
0.344620585
0.380900592
0.302838594
0.350075543
0.638788879
0.375317931
0.388594121
0.375930578
0.717920184
0.394501686
0.297054946
0.349697798
0.395157784
0.348045141
0.902630270
0.734938860
0.319515228
0.299612820
0.303682774
0.152507752
0.774788737
0.353874743
0.245954648
0.669908881
0.360274464
0.367075324
0.322883427
0.333129495
0.327192217
0.724265158
0.318867981
0.378493458
0.940129697
0.301069915
0.720585287
0.211856216
0.341339260
0.622684419
0.347326756
0.242567196
0.227805808
0.230943173
0.369132221
0.299994707
0.693875968
0.331532180
0.273843288
0.752454698
0.415839612
0.468130529
0.389889091
0.373030484
0.618826151
0.287204504
0.323844403
0.344460040
0.440231144
0.349231690
0.342677385
0.347647458
0.389214069
0.722735822
0.308878392
0.326243758
0.371310860
0.364771068
0.351705730
0.291759878
0.321995139
0.354811013
0.281657368
0.346867621
0.805537879
0.271248609
0.600026846
0.313994199
0.925231338
0.943373382
0.767856479
0.616696298
0.397397280
0.408929497
0.474648535
0.393985122
0.388108492
0.346111000
0.650083303
0.241224140
0.711216271
0.641586959
0.268554479
0.445250094
0.338672131
0.650419533
0.351080149
0.305490404
0.261671394
0.721937776
0.368789732
0.353796363
0.383721352
0.395725816
0.543520749
0.352125913
0.634606779
0.423053890
0.396986693
0.336594611
0.313958198
0.311101317
0.328901052
0.962174177
0.334463388
0.612662613
0.753750086
0.691882670
0.646836400
0.317237943
0.310118705
0.717266858
0.367413610
0.298727274
0.285906106
0.303773880
0.254588872
0.336665213
0.324034154
0.362918526
0.938249588
0.431665629
0.256280601
0.352041930
0.647436976
0.719343603
0.326503992
0.304364592
0.256068021
0.362371206
0.406335205
0.258644313
0.329858512
0.293253928
0.395860702
0.383164287
0.324033171
0.244169071
0.322312474
0.765406966
0.604355276
0.356439978
0.445618689
0.330400646
0.608666241
0.353776604
0.359203249
0.538763285
0.314070195
0.305778235
0.370066553
0.350199878
0.342364788
0.351464093
0.432515472
0.659253836
0.580354154
0.433006555
0.304533303
0.265477449
0.724774599
0.657407582
0.964384496
0.296470761
0.437336624
0.325595528
0.659091890
0.348182112
0.190328181
0.393847406
0.384698510
0.597678423
0.533471107
0.722832561
0.601545393
0.732616186
0.267457485
0.305926263
0.296209633
0.367707908
0.324245512
0.344127983
0.417268395
0.349833548
0.537659883
0.343527704
0.270376325
0.370044887
0.360346675
0.419308126
0.390179366
0.572879612
0.660349011
0.365523249
0.381427348
0.391290814
0.597714901
0.350970924
0.345173508
0.362273544
0.952360451
0.705722690
0.292204350
0.337581366
0.236879021
0.370234191
0.358087510
0.394184977
0.308088541
0.349981606
0.664625108
0.350619853
0.277885377
0.342937171
0.917603254
0.467126757
0.331595480
0.362544537
0.296770781
0.173374787
0.322249740
0.676932096
0.328198999
0.573605061
0.276656896
0.388593525
0.287066311
0.405464023
0.381348372
0.271209091
0.704535842
0.246977776
0.796913862
0.341813564
0.269714087
0.382708699
0.362055480
0.318794787
0.337928176
0.505018353
0.387916923
0.302187771
0.354730457
0.428018153
0.342903107
0.944471538
0.402977616
0.395868212
0.359331280
0.335924536
0.724580228
0.336124241
0.719067037
0.381271809
0.313667685
0.300408542
0.545800388
0.370837420
0.416009665
0.342870265
0.418161541
0.616762161
0.517012775
0.928856492
0.899319530
0.139654025
0.563305020
0.360122919
0.281849325
0.038773268
0.760890126
0.726165652
0.427729279
0.347769856
0.334007680
0.796201587
0.339258969
0.332446426
0.410595685
0.404518485
0.821739197
0.585154772
0.526164949
0.339642763
0.388274968
0.630613327
0.352374166
0.347819149
0.297686815
0.359610587
0.620183587
0.359975129
0.335539430
0.485372365
0.400698453
0.373393655
0.267523438
0.409863055
0.304579586
0.283615589
0.767430544
0.297389418
0.617656171
0.655689597
0.273616135
0.344383538
0.371938348
0.374992609
0.291924000
0.327073485
0.291169941
0.651251018
0.343489468
0.670771003
0.364555478
0.447520971
0.295291096
0.623041153
0.377345502
0.335814893
0.322033137
0.368839681
0.545657873
0.349366486
0.376255125
0.745514929
0.350899935
0.520145297
0.584885597
0.371504784
0.407524318
0.182505667
0.554670930
0.612023711
0.699046254
0.385204673
0.283674210
0.400978118
0.343648851
0.275015712
0.304710805
0.593969226
0.340555996
0.535422206
0.772542000
0.617184103
0.369846672
0.593432546
0.401786059
0.276313156
0.313663185
0.280562401
0.369766116
0.321779639
0.341645151
0.602257371
0.396017760
0.580155313
0.810359180
0.278055638
0.440401703
0.305904597
0.956215262
0.215504065
0.307788908
0.292878717
0.415722162
0.721779108
0.329026967
0.358371615
0.358866811
0.394476891
0.353999704
0.956510127
0.544099808
0.341556251
0.319619387
0.682342947
0.217849523
0.600295484
0.306229740
0.392247260
0.623592436
0.256673634
0.355035484
0.398552984
0.394874334
0.365709007
0.338161975
0.367820024
0.547065854
0.277811110
0.409013718
0.311661661
0.417489827
0.293856144
0.463564366
0.392334849
0.947580159
0.271450490
0.303657711
0.544124544
0.275089025
0.303659081
0.724615753
0.393938273
0.334948182
0.355161518
0.631843865
0.685876608
0.753673613
0.763803244
0.356059045
0.302809864
0.950590253
0.330522686
0.321446896
0.342684925
0.378536493
0.369827598
0.308612108
0.283741117
0.235789478
0.301900983
0.289059520
0.347964615
0.694083214
0.958578527
0.368323833
0.439601988
0.322397441
0.597122371
0.360779554
0.345858455
0.393571138
0.342047185
0.758177340
0.747556865
0.256316513
0.352876484
0.274720162
0.622402132
0.833978593
0.339432746
0.358689427
0.184149846
0.277446926
0.336091220
0.680447638
0.608098209
0.274700791
0.346632570
0.358531833
0.356730759
0.320631236
0.351890832
0.408488214
0.371477485
0.603763044
0.377572089
0.292042971
0.953022599
0.789912164
0.371545732
0.690994918
0.408261508
0.376215845
0.316400528
0.308245391
0.049027249
0.362537980
0.790951371
0.313995421
0.408903718
0.356263459
0.387330323
0.383099884
0.346036375
0.951614022
0.542268217
0.297305733
0.363213956
0.746236026
0.287917167
0.624765873
0.420832455
0.336951971
0.347632647
0.167653516
0.287070245
0.365147501
0.306628376
0.316070735
0.315379590
0.358702242
0.663667560
0.231193945
0.370504886
0.418336034
0.444105148
0.319459260
0.367365122
0.353541255
0.345629543
0.278108180
0.289670080
0.418500781
0.797217786
0.726394415
0.370105624
0.311756909
0.317325562
0.345980257
0.354377478
0.349680364
0.470926374
0.573940337
0.367707878
0.355725199
0.365236074
0.693470240
0.329346716
0.566483557
0.431509107
0.293527186
0.301543951
0.302853614
0.342662543
0.374203831
0.480531305
0.328560054
0.320288211
0.430384547
0.716442764
0.343637884
0.374346912
0.736100912
0.276391506
0.328208178
0.310480088
0.309680283
0.450496703
0.320848793
0.737284303
0.397830427
0.283089280
0.618553579
0.570170522
0.399030536
0.375161499
0.744148433
0.423573881
0.408140868
0.945747614
0.349013090
0.346056968
0.744298458
0.336398065
0.409661204
0.738245845
0.236344829
0.495402098
0.364311725
0.302900940
0.634678721
0.332925737
0.338331133
0.740119100
0.722229302
0.356098801
0.376926184
0.548999429
0.322876364
0.269864559
0.397549897
0.283584744
0.490743071
0.354236633
0.746925890
0.779078782
0.758558631
0.377149254
0.640119135
0.323266894
0.374934494
0.576957583
0.324364811
0.667718589
0.331776947
0.369652092
0.719936609
0.778211355
0.511532009
0.643420041
0.368256748
0.712446332
0.591152132
0.169198468
0.365078598
0.452016264
0.424016505
0.329412431
0.332278460
0.359751076
0.318793297
0.692266226
0.382022738
0.386657029
0.326117545
0.692839086
0.344385624
0.308562040
0.298664480
0.409538478
0.363820344
0.275006562
0.400464624
0.360155404
0.347854167
0.378076583
0.338105708
0.364027888
0.927161813
0.326774538
0.384888500
0.391399622
0.382893980
0.365597934
0.360112727
0.357130110
0.422590792
0.189537749
0.397577107
0.324395061
0.464837074
0.129049122
0.723631382
0.958074152
0.686133027
0.424824059
0.489567965
0.304731816
0.375990689
0.345022261
0.369358271
0.359875888
0.611068487
0.264762998
0.397880733
0.649155259
0.408613890
0.919531167
0.439843208
0.342519343
0.362647921
0.378170758
0.277687699
0.609126389
0.250774622
0.745774150
0.571940958
0.323678911
0.379721135
0.507626951
0.388293415
0.396711707
0.384049684
0.341712922
0.585845113
0.651920378
0.311332315
0.258558869
0.333196431
0.564078212
0.262242109
0.624914169
0.256126910
0.675127387
0.413486332
0.364425033
0.385691553
0.266093343
0.339953959
0.240982547
0.334029257
0.318513572
0.342128843
0.867165089
0.909951687
0.365151048
0.344512254
0.361016303
0.291576445
0.386969358
0.367668331
0.402370155
0.721561849
0.357514232
0.374457985
0.284636140
0.736464083
0.407754660
0.326160312
0.378223091
0.699175894
0.480176240
0.304048359
0.729332209
0.286218554
0.906650126
0.777264535
0.409494072
0.352061689
0.947084844
0.340547323
0.697747588
0.356074840
0.398550034
0.804635525
0.368256301
0.590337157
0.370707124
0.774118066
0.384516239
0.583959639
0.279089212
0.303121179
0.335573167
0.312652618
0.356092572
0.950209796
0.378706098
0.246902749
0.362321496
0.275124699
0.620232046
0.301350057
0.326262742
0.673912942
0.643364847
0.354030579
0.399355143
0.280258060
0.360449344
0.425951988
0.565149426
0.351819903
0.304115415
0.360923022
0.712510705
0.350089312
0.538296878
0.708168983
0.727530599
0.627507865
0.363788903
0.327253789
0.749110937
0.713117599
0.411609977
0.374613255
0.753122687
0.278115749
0.320458561
0.429462105
0.308551729
0.787580371
0.409954309
0.325591415
0.320227593
0.271912307
0.351762712
0.363088161
0.741035759
0.344441026
0.704541981
0.597531736
0.403872669
0.604032874
0.804395497
0.331899375
0.352479577
0.295687318
0.214384407
0.346937805
0.415137798
0.296709120
0.780011714
0.379617900
0.583914399
0.397338688
0.264034510
0.588287592
0.942892373
0.342658430
0.393685520
0.457440168
0.338024676
0.318331063
0.587377667
0.463951916
0.596805453
0.303489774
0.358752012
0.346013278
0.372646332
0.392529130
0.324654639
0.303703278
0.336960435
0.588507533
0.432314843
0.288137406
0.724087834
0.347202182
0.354794919
0.659887552
0.642348945
0.700403512
0.304598868
0.305708051
0.505392373
0.336153150
0.283846647
0.324372411
0.367875010
0.593983412
0.389703274
0.774978817
0.328249931
0.726219654
0.305335581
0.359518021
0.321788877
0.419053763
0.339452773
0.293346733
0.281287074
0.671100378
0.354456991
0.409802735
0.256749898
0.307129651
0.348917127
0.644789577
0.934610724
0.787943721
0.588295758
0.350422710
0.150842905
0.951854587
0.405280113
0.392148852
0.731382430
0.378299534
0.667388618
0.416659206
0.802369535
0.318866879
0.760845542
0.710129380
0.435679317
0.282946050
0.286933005
0.564233780
0.702868640
0.761488140
0.326898426
0.347081631
0.543223381
0.037486188
0.673671424
0.190697461
0.355723530
0.901271522
0.325223982
0.355228692
0.616597712
0.212433323
0.277138025
0.718798161
0.546255231
0.373219818
0.352240831
0.159966260
0.610692143
0.721676171
0.401874155
0.670626819
0.383044571
0.360103667
0.324321955
0.289831638
0.393541276
0.385839671
0.639214516
0.259613842
0.342846066
0.348959565
0.381235480
0.381733030
0.278994322
0.348966241
0.362545878
0.736954331
0.320462883
0.753083110
0.313647538
0.362981290
0.583115220
0.312570453
0.756578743
0.359465778
0.341783434
0.332618266
0.429667383
0.393723935
0.324337035
0.276804507
0.121211573
0.398869485
0.309165895
0.350551397
0.712983429
0.702980220
0.654443860
0.348102242
0.362290829
0.596863389
0.308089435
0.484021962
0.357835799
0.845108628
0.233493105
0.458825111
0.407708645
0.665501535
0.368692487
0.387908995
0.634153724
0.334102273
0.294718355
0.321664631
0.711687267
0.415505171
0.723551214
0.382840991
0.695701361
0.269393951
0.336986125
0.395125806
0.330893844
0.358636737
0.274616361
0.651716113
0.350721717
0.378412664
0.350980192
0.326249927
0.785023272
0.567512870
0.312465519
0.407001793
0.334482163
0.626449347
0.430554301
0.309212953
0.587453425
0.280504495
0.228207126
0.363284200
0.571184039
0.365622252
0.325381994
0.623459339
0.614411652
0.367839575
0.353929371
0.366884619
0.796868443
0.641739011
0.743697405
0.577954233
0.329421639
0.323309153
0.280189663
0.871645391
0.640858293
0.291813850
0.325894505
0.374349564
0.384192854
0.689259529
0.321524769
0.766099453
0.636866570
0.731744647
0.653275669
0.957862139
0.624522805
0.369865447
0.661017895
0.344134510
0.321142226
0.300700158
0.404799372
0.594586551
0.610551894
0.362387180
0.890453041
0.555951655
0.418534458
0.324476600
0.230897099
0.395870179
0.169471368
0.309211642
0.343348086
0.582006991
0.444506764
0.382603467
0.359949172
0.385419369
0.390445739
0.343611032
0.457037657
0.879156291
0.291156143
0.769260705
0.362321734
0.300164014
0.660221517
0.386194348
0.338624060
0.944979429
0.256830275
0.194584072
0.355083793
0.276242137
0.394586444
0.357958347
0.342869282
0.352111608
0.570930541
0.574292243
0.320499420
0.345396906
0.292310506
0.325138837
0.718860805
0.366860032
0.289533019
0.261172235
0.685298085
0.359441489
0.357170939
0.374363422
0.656971812
0.302117229
0.660358608
0.561953068
0.432790786
0.312357366
0.321659297
0.931596279
0.397262454
0.328154117
0.577586055
0.363263726
0.424797297
0.281019121
0.268712193
0.597649217
0.738012254
0.279736400
0.316570550
0.319608808
0.141518727
0.728477657
0.284409970
0.338953972
0.325952500
0.246874914
0.231988028
0.289544791
0.210213616
0.359832823
0.248650044
0.318069994
0.702041268
0.708548427
0.220954999
0.307332039
0.324182481
0.314172238
0.577605069
0.341304213
0.587896705
0.366085827
0.357205302
0.279654562
0.405198455
0.589067221
0.323060423
0.356462866
0.334175974
0.318587899
0.530821204
0.444226086
0.358873367
0.315793067
0.342108190
0.765809774
0.934317410
0.751260698
0.422460765
0.326787621
0.241452575
0.573321819
0.327558070
0.759889722
0.270032555
0.719326317
0.762421608
0.398340434
0.497095346
0.324759185
0.325500041
0.385693192
0.759345353
0.397739053
0.343910187
0.359332114
0.411257237
0.318441182
0.330577731
0.282418668
0.250794768
0.310512990
0.277396351
0.443941206
0.628287494
0.288707584
0.388533264
0.338888943
0.376492798
0.379947513
0.320564061
0.348448396
0.902314901
0.288436353
0.765283167
0.343256146
0.337220401
0.280490667
0.351733238
0.361063153
0.633440316
0.351627171
0.654151440
0.674257636
0.904126942
0.315580696
0.297448546
0.337487012
0.727806747
0.709027290
0.354795158
0.320491523
0.410576314
0.325109631
0.258798450
0.265351623
0.327725202
0.302006990
0.352278262
0.434181601
0.324953377
0.294997036
0.267018616
0.358395964
0.343278974
0.374974340
0.326722413
0.196143135
0.364795089
0.353577912
0.955960393
0.438775957
0.353560090
0.801448226
0.271533012
0.366762251
0.287479758
0.394161791
0.288652867
0.287987739
0.614571214
0.323603541
0.424865663
0.416188210
0.690687060
0.624533117
0.810136139
0.281153828
0.380588323
0.266071737
0.429181486
0.726499140
0.356494516
0.384640366
0.912410378
0.276981860
0.163227051
0.263736159
0.245246544
0.348814458
0.260736138
0.261124194
0.325687349
0.769303858
0.420571834
0.401637882
0.373948902
0.370609701
0.252659202
0.361555845
0.350931048
0.295875579
0.310777485
0.587079763
0.275636852
0.383332700
0.344813913
0.280411899
0.281578213
0.284755468
0.319075912
0.294349402
0.346238494
0.357815474
0.352270573
0.696970105
0.365291238
0.317018032
0.353264272
0.251422852
0.292326361
0.360529274
0.581669331
0.402096182
0.268030256
0.638998806
0.270124286
0.381808668
0.349861592
0.183641315
0.364905745
0.340500981
0.355302155
0.643518746
0.366396487
0.350261569
0.324722618
0.388726383
0.600459933
0.748255432
0.743282855
0.955642760
0.399007946
0.726373911
0.058872659
0.423276663
0.366699070
0.378340721
0.466091573
0.365704209
0.936020255
0.676088393
0.749862254
0.317132235
0.697599053
0.281905055
0.747932971
0.355932623
0.463161975
0.661971986
0.329755932
0.294257045
0.345467597
0.315801054
0.357557029
0.456271440
0.267073125
0.533725798
0.417714357
0.381494522
0.965551376
0.385785788
0.282850862
0.351192951
0.405960947
0.362022907
0.318920195
0.447113246
0.180507451
0.319283754
0.415035248
0.336649388
0.402100295
0.405358672
0.959331214
0.406952113
0.744959950
0.401663333
0.617455840
0.766785264
0.519198954
0.283008903
0.597194493
0.459276795
0.304046065
0.648044586
0.358371675
0.352117121
0.481634229
0.358728409
0.264607340
0.293352634
0.785731733
0.842026472
0.271969825
0.380300522
0.249847442
0.344511122
0.323565871
0.274785310
0.333199114
0.715181947
0.722727716
0.754282475
0.958683491
0.281958878
0.341642857
0.549749076
0.310046583
0.320585549
0.302407891
0.356437266
0.629014730
0.606366336
0.299960554
0.721246064
0.300231338
0.359788269
0.344560206
0.330897659
0.262994528
0.389701694
0.531773150
0.330167592
0.353135854
0.378730357
0.666237712
0.385323435
0.358139664
0.197652712
0.325533450
0.825399458
0.317323178
0.375519156
0.698313117
0.551458776
0.821268797
0.325310707
0.356053472
0.922486007
0.501415789
0.608199298
0.735103309
0.793877423
0.368922830
0.329153180
0.272647232
0.960410893
0.572538912
0.279541254
0.334038079
0.414802849
0.317148954
0.761263132
0.434388220
0.311754078
0.738936722
0.383002281
0.389513135
0.358507127
0.338911682
0.374621063
0.284046918
0.379420787
0.951853514
0.307086825
0.330280155
0.691383779
0.414938271
0.358366460
0.328452796
0.421394110
0.725187004
0.226770148
0.672648013
0.606335521
0.189928278
0.358878374
0.751697004
0.304379702
0.940019369
0.337027073
0.707535326
0.349164635
0.685675263
0.322109133
0.961942911
0.396117151
0.536009431
0.372818619
0.670199633
0.600747824
0.384955406
0.389473289
0.697265804
0.325404495
0.381669253
0.314666599
0.364276528
0.753420115
0.344057500
0.401580125
0.812340140
0.569147289
0.305053413
0.407248527
0.339221358
0.522301495
0.603427351
0.753754258
0.287132621
0.340947509
0.633759677
0.395238847
0.813777149
0.698444784
0.586017132
0.398969710
0.323450267
0.548536599
0.355818391
0.344163150
0.331395537
0.349264026
0.371534109
0.381984740
0.415698767
0.641175449
0.747754395
0.365625262
0.381101727
0.045739658
0.369416684
0.343490899
0.378330469
0.358448684
0.707543910
0.322732806
0.444325238
0.429218650
0.369571239
0.669107974
0.282597691
0.375382483
0.292498887
0.339212775
0.689974964
0.404352665
0.286105871
0.533596575
0.294188619
0.592576981
0.320917100
0.585324943
0.338526994
0.723061979
0.584538043
0.429408669
0.290706366
0.490735203
0.351308525
0.356289119
0.339494497
0.320918530
0.303190202
0.308293551
0.414149672
0.310259938
0.712184191
0.381181985
0.654645085
0.737047434
0.597475886
0.401512593
0.347449839
0.317065567
0.418829888
0.260242939
0.351559669
0.743667841
0.383789301
0.306981266
0.397358209
0.563148499
0.343615174
0.314873904
0.285286754
0.543783605
0.337622881
0.318836898
0.556604922
0.355440408
0.392960757
0.956996262
0.816843688
0.618827045
0.283807695
0.354966521
0.740564466
0.610391796
0.376555353
0.367911041
0.375539243
0.465913773
0.455154657
0.156647682
0.351016968
0.362499624
0.344786584
0.701570988
0.390345007
0.306343317
0.255256593
0.396970153
0.386453897
0.664190173
0.415795267
0.429331064
0.359474629
0.361066520
0.422585726
0.377319902
0.369725019
0.390596926
0.047439024
0.348757207
0.430900007
0.395683914
0.553743422
0.910908759
0.318906158
0.931201518
0.349954158
0.296016753
0.373830438
0.315259397
0.350683063
0.717956185
0.387823701
0.065126136
0.329320788
0.694615543
0.742462397
0.370829284
0.267033100
0.379891247
0.751455843
0.242673993
0.374407142
0.279225230
0.295743972
0.408621848
0.483668536
0.367298186
0.314774245
0.291602224
0.644529521
0.271641940
0.670841157
0.347934604
0.331906855
0.266886532
0.321432531
0.327269524
0.328275681
0.441896260
0.406232029
0.739566565
0.588315308
0.320948690
0.512454748
0.668951690
0.404202700
0.297505587
0.653459668
0.702479601
0.329660505
0.361564398
0.388555765
0.039676923
0.306370288
0.407621473
0.786526740
0.343837172
0.350616217
0.323272496
0.313426375
0.355404079
0.402438164
0.702718735
0.300952405
0.337837487
0.364482284
0.726150334
0.350900501
0.477044702
0.305192798
0.274058223
0.612129033
0.336939245
0.278277636
0.362448424
0.726079583
0.359838665
0.335975111
0.395221800
0.463206202
0.316877931
0.362397671
0.392633229
0.758104205
0.942583203
0.746131718
0.403528720
0.409328490
0.361615062
0.532760739
0.682207882
0.429447353
0.732959747
0.270194083
0.592984438
0.233179286
0.412350357
0.276277572
0.402949125
0.465213239
0.361071676
0.370683044
0.357568383
0.328915000
0.298978031
0.744280100
0.358116865
0.752208054
0.392728388
0.287077099
0.424737573
0.346572161
0.297765642
0.551566184
0.415419191
0.314479262
0.381300509
0.347260684
0.360046208
0.645046234
0.379432321
0.388240993
0.329942673
0.313333660
0.405036032
0.307055771
0.358019471
0.309294254
0.353617698
0.242306709
0.599628448
0.598864615
0.362125993
0.374917418
0.359078318
0.464745492
0.401341051
0.348587871
0.610315740
0.560982823
0.370190471
0.350950062
0.331335962
0.733302474
0.317043871
0.668093562
0.268193334
0.412249923
0.372679204
0.746236861
0.349259257
0.730414510
0.365015298
0.652347386
0.648846209
0.378548414
0.311706603
0.350705981
0.528501391
0.538796902
0.350809485
0.569045544
0.728825986
0.750034869
0.594491422
0.627144456
0.369686604
0.964008451
0.899236023
0.394529581
0.386070132
0.244173050
0.872445762
0.335180610
0.326668262
0.259095758
0.322002590
0.052139100
0.363751978
0.628170133
0.365529746
0.695836842
0.236701861
0.640342355
0.638641357
0.327012748
0.306183487
0.818463206
0.749051094
0.239450112
0.774634242
0.621220052
0.795769691
0.852540851
0.288635015
0.038426220
0.318268239
0.634133339
0.317825139
0.358407259
0.311313063
0.604633272
0.350986719
0.429521590
0.260670930
0.753609002
0.378687024
0.739447892
0.375984907
0.484493196
0.344558805
0.427814722
0.576592743
0.387563288
0.314387441
0.355058640
0.278056920
0.468618274
0.545855582
0.278338760
0.313162446
0.262468308
0.386945188
0.621944726
0.361359358
0.361452490
0.638117492
0.336741120
0.552412510
0.313549042
0.275441051
0.262175113
0.630287468
0.536536098
0.597984612
0.311695904
0.365116298
0.351688325
0.314799160
0.611005604
0.627057791
0.498735487
0.951067448
0.303688973
0.355025411
0.586052418
0.405849546
0.851076126
0.420657933
0.777006269
0.294898123
0.323682547
0.322373301
0.357595503
0.330736160
0.356027871
0.570163250
0.256458640
0.682685971
0.391121924
0.383649260
0.680112720
0.326237410
0.287472934
0.361351788
0.352974981
0.369584739
0.568044543
0.671460509
0.261435717
0.596084058
0.380371869
0.415004700
0.407278836
0.363777518
0.618565261
0.777217507
0.289005250
0.320471287
0.346559972
0.365135461
0.301551819
0.564729154
0.258142620
0.309899241
0.300229043
0.648108304
0.339502752
0.288991481
0.403946966
0.301106900
0.530832350
0.750276625
0.317071468
0.697428226
0.353505701
0.361766100
0.361759245
0.361019373
0.480976611
0.305016369
0.395421952
0.304608911
0.266968042
0.349547356
0.321086913
0.385388136
0.551010489
0.264421761
0.595704079
0.395353913
0.301879704
0.963263273
0.740204275
0.302469432
0.445838243
0.452507824
0.335555255
0.356198251
0.786110878
0.806651711
0.597923279
0.259524345
0.332615912
0.571878850
0.427042007
0.860169768
0.617223024
0.351019561
0.342418700
0.739327073
0.285724759
0.396823674
0.335680902
0.372167915
0.957543731
0.688441634
0.338402301
0.353587598
0.670038640
0.348552167
0.307944536
0.363630861
0.380948275
0.283178538
0.371110678
0.375283062
0.309958398
0.362868190
0.332852393
0.334205359
0.395370454
0.433164984
0.343125939
0.307901531
0.402423531
0.358952135
0.369980454
0.285412997
0.320046872
0.358540446
0.213609651
0.368140131
0.354852080
0.304408640
0.355909377
0.417594641
0.343646526
0.358307451
0.356693685
0.297228634
0.363352507
0.627410412
0.240725040
0.745326757
0.320823997
0.342291176
0.558388889
0.419959962
0.344939649
0.301600933
0.945904255
0.621833622
0.246025860
0.360803813
0.261121035
0.281182051
0.372255385
0.596966863
0.330833972
0.793915927
0.455934823
0.586500466
0.720804989
0.853204966
0.322466910
0.307222843
0.300013512
0.316952258
0.423322767
0.625863373
0.443702430
0.403376281
0.322206438
0.341017783
0.383388251
0.390447497
0.258786619
0.300482690
0.373470247
0.609871924
0.388340294
0.298897207
0.305092424
0.374336660
0.787901819
0.726660132
0.635864019
0.360584944
0.361941189
0.360794246
0.954386115
0.193424433
0.322385907
0.374245375
0.341266900
0.375809371
0.339694142
0.371422738
0.641573966
0.368202150
0.330145895
0.344727248
0.372496903
0.312960863
0.687691510
0.378235877
0.796280503
0.285751432
0.297995955
0.388359338
0.957598746
0.274987817
0.469143480
0.377137601
0.288238734
0.564116299
0.604260623
0.574787557
0.767219126
0.690753043
0.321576387
0.303377748
0.664528430
0.344241112
0.420488060
0.771071494
0.650621831
0.658166468
0.457341433
0.280929089
0.737761915
0.441638172
0.314387202
0.304466695
0.319330186
0.222759053
0.369722337
0.410245329
0.324051470
0.344091386
0.580393374
0.307039529
0.361764878
0.298357546
0.310391426
0.623429477
0.275833398
0.340962559
0.414495736
0.288003683
0.255514741
0.715008855
0.317898393
0.346911788
0.957991004
0.408800125
0.775595248
0.347240239
0.362822205
0.349325985
0.319250554
0.432419538
0.309261322
0.586022377
0.584868371
0.581031919
0.687831700
0.215384215
0.137732074
0.528970897
0.423401922
0.346689016
0.585748315
0.367685258
0.367577165
0.369752109
0.626345873
0.273530841
0.375293255
0.336992949
0.287967622
0.283528805
0.412549645
0.303915411
0.365287274
0.812369764
0.304535061
0.322676986
0.616522193
0.958393753
0.315890700
0.953644633
0.909402430
0.331876606
0.908899486
0.049125239
0.729079664
0.771689594
0.340593755
0.606741965
0.299404263
0.346995652
0.722314715
0.382119477
0.241427913
0.908909738
0.559964418
0.749168336
0.357230693
0.287974775
0.389174312
0.333879054
0.229399234
0.795764804
0.768083334
0.400243253
0.463896096
0.393659323
0.363145292
0.318546325
0.350251824
0.408041149
0.414762676
0.740807891
0.725880325
0.673677087
0.372237474
0.282421768
0.916848481
0.388681054
0.188879535
0.682157338
0.652094305
0.394272238
0.858404279
0.362974077
0.402990341
0.563636303
0.349000663
0.376640201
0.619987607
0.593738496
0.565288723
0.359515488
0.337710649
0.325931966
0.296784192
0.298241109
0.762409389
0.428029686
0.423995167
0.630659699
0.367516965
0.293361515
0.243829280
0.387126535
0.304731965
0.759381115
0.270453811
0.360228240
0.368532836
0.403873295
0.329448462
0.361869425
0.316459656
0.391981423
0.241374567
0.362022161
0.284864128
0.358195812
0.747485101
0.644477010
0.360991567
0.426007181
0.302707404
0.348444402
0.729890049
0.399870336
0.255896509
0.645117342
0.226154402
0.299006730
0.294092834
0.612756491
0.376530677
0.412304133
0.299282819
0.427612454
0.383352280
0.401894242
0.381086379
0.384482473
0.374034643
0.529329419
0.312941194
0.862099290
0.272139728
0.308336675
0.369718313
0.398967355
0.366417527
0.283729017
0.406651974
0.942389846
0.412531555
0.244674489
0.326799691
0.282501608
0.644498289
0.685503423
0.551288366
0.294173867
0.343550831
0.321880162
0.370494515
0.548835576
0.279414892
0.302415282
0.388226539
0.746522546
0.349306792
0.752178788
0.760832846
0.401959270
0.568070173
0.597535372
0.496443838
0.429566711
0.279586017
0.385160506
0.309979141
0.236576304
0.285572559
0.241646379
0.300790727
0.608823895
0.414005369
0.323093325
0.418215662
0.300855547
0.912443757
0.309311360
0.319743365
0.407267511
0.387343377
0.306363612
0.360831022
0.319935054
0.380608737
0.235185057
0.743637323
0.257971227
0.217766196
0.373234987
0.291138440
0.249016389
0.361138195
0.296351880
0.406691968
0.946623683
0.930544853
0.133691013
0.388647795
0.651646912
0.426136076
0.353026241
0.292928636
0.329376310
0.738493621
0.450155556
0.747697771
0.614127278
0.372497410
0.283163518
0.297291189
0.259724021
0.282282084
0.287157774
0.323802650
0.374507040
0.720538139
0.940926790
0.326202035
0.369755983
0.949187219
0.911867559
0.340584844
0.308458358
0.359889746
0.278190136
0.603718758
0.766021669
0.326692849
0.381636143
0.322866499
0.526420712
0.670529842
0.434759676
0.377179384
0.325144351
0.304721415
0.518488169
0.379319340
0.439984530
0.341815203
0.304274261
0.736386657
0.325134814
0.303978145
0.420604825
0.361943871
0.356009901
0.465106577
0.598638296
0.759291649
0.304615051
0.317740977
0.610364497
0.324620664
0.755400240
0.382987916
0.407098979
0.522267997
0.286433846
0.257471114
0.438750237
0.210461870
0.450415999
0.583273888
0.386633575
0.599533439
0.597459614
0.345620960
0.282576054
0.603808761
0.711505711
0.302414119
0.371489257
0.365516186
0.608865499
0.875058293
0.364654362
0.631710529
0.283131182
0.680077553
0.171310589
0.394804329
0.759443939
0.328490585
0.354270488
0.226090655
0.653022408
0.332585633
0.396055102
0.693760991
0.325329483
0.810029685
0.291438818
0.375248313
0.403401166
0.703816354
0.382650346
0.727337480
0.699898720
0.263692230
0.300610840
0.319734514
0.703993142
0.347979218
0.350907683
0.387287974
0.382180035
0.355131626
0.334612250
0.356544316
0.402329236
0.322016567
0.316713154
0.762387872
0.184563920
0.350074202
0.373874277
0.635212421
0.353354335
0.281847209
0.344904006
0.254810333
0.787960172
0.439402282
0.712785959
0.656692028
0.760525048
0.333927035
0.738120615
0.369545937
0.370661557
0.409057766
0.407228619
0.369361430
0.727072418
0.680453658
0.302993476
0.548913836
0.294772565
0.904291332
0.478388757
0.318792313
0.401830971
0.312724203
0.785645127
0.736349404
0.666641116
0.313689113
0.727006972
0.348990262
0.380320162
0.352349788
0.558904231
0.362891227
0.347641766
0.377113104
0.284349382
0.307885975
0.355002373
0.469942927
0.322929829
0.393351644
0.312256038
0.313656092
0.955424309
0.687505186
0.330243945
0.696158350
0.348709166
0.315493643
0.329806149
0.619861662
0.241224140
0.593652666
0.382417649
0.267281532
0.263357282
0.905681431
0.330520898
0.355596334
0.543406367
0.353708982
0.358033955
0.389549345
0.569477797
0.363406658
0.765317559
0.377998620
0.343573391
0.339259028
0.318830460
0.348298222
0.398431629
0.373604685
0.568305016
0.370074093
0.339960337
0.483299166
0.352786899
0.915086985
0.380756587
0.642577708
0.287254065
0.347754508
0.313510776
0.435012400
0.752470016
0.559308350
0.382160336
0.304181367
0.334672570
0.732621133
0.478552431
0.368774384
0.521595001
0.492650837
0.295570850
0.680738270
0.899087071
0.355220765
0.836766720
0.320605576
0.371292770
0.301744878
0.565572023
0.226559803
0.375292748
0.354942381
0.283273429
0.727072418
0.384117126
0.718614459
0.386181265
0.377173126
0.334917307
0.319272012
0.319946826
0.316250712
0.559407175
0.328148693
0.365956843
0.640728831
0.627771437
0.420090437
0.632803261
0.708065450
0.623762846
0.965373337
0.252510220
0.331590682
0.654101849
0.329812258
0.045347873
0.275307655
0.288585544
0.783420324
0.565690279
0.442366302
0.409454763
0.313912451
0.280573398
0.325208485
0.314336538
0.408925682
0.306236655
0.346524775
0.390339017
0.314101636
0.409507692
0.379646271
0.471213877
0.269284576
0.331108421
0.403361201
0.297001600
0.635819793
0.665035427
0.321809888
0.336746961
0.687080264
0.290090412
0.752427161
0.361375958
0.189246744
0.869547665
0.193695396
0.329748243
0.358219326
0.374777973
0.319517106
0.352248281
0.431087077
0.310618281
0.046760704
0.421820432
0.385742515
0.637331367
0.905812979
0.247350141
0.688877106
0.362831205
0.413461596
0.418055713
0.300794959
0.395892948
0.358662218
0.637291968
0.380433530
0.317875057
0.335619032
0.485633671
0.254835606
0.272280395
0.388123721
0.374605536
0.360380471
0.603764951
0.903061926
0.909204721
0.281673759
0.292877346
0.496046692
0.712630093
0.400725037
0.396284372
0.369457603
0.331635147
0.280439049
0.193561226
0.311014682
0.331949651
0.316148162
0.590781510
0.454231828
0.390794903
0.327016979
0.678685904
0.724480033
0.290486276
0.606046915
0.608293593
0.633395255
0.338612050
0.350550413
0.343288511
0.370230615
0.236433461
0.330089211
0.709869266
0.860022366
0.304524601
0.331221282
0.885977268
0.323616415
0.290692300
0.385499954
0.374846429
0.351673245
0.305966496
0.389171749
0.314773113
0.323502868
0.282456368
0.721625507
0.420930803
0.952315688
0.424022168
0.763272405
0.752668619
0.336742193
0.726225972
0.286919743
0.634464920
0.356382191
0.760510921
0.320912302
0.378108740
0.779329956
0.363161743
0.186551720
0.372333854
0.395921379
0.382062167
0.266738951
0.277658701
0.295728475
0.415440351
0.959473848
0.653807104
0.687137544
0.427554399
0.309120625
0.364116043
0.223990858
0.392802179
0.356651723
0.337520629
0.474440664
0.664276361
0.361712843
0.372586578
0.754436374
0.604934692
0.730309725
0.339768887
0.248943046
0.412817448
0.546919823
0.616799653
0.339281350
0.631816745
0.329745799
0.452952802
0.647032619
0.730151713
0.317397624
0.296016425
0.841342449
0.368752003
0.259173036
0.753416598
0.599054515
0.283253402
0.334983855
0.403662801
0.372622728
0.767784119
0.322764456
0.313817352
0.427753359
0.298182011
0.566560447
0.386741966
0.361049473
0.365752876
0.323780596
0.753095627
0.335936576
0.310331076
0.237750873
0.326983333
0.589430690
0.326875657
0.219766021
0.378275841
0.381500095
0.768305182
0.356403202
0.354925305
0.960657239
0.627346158
0.341802031
0.368186593
0.370667666
0.388666093
0.384112269
0.788123310
0.367260128
0.762878776
0.342715651
0.380295247
0.644327402
0.357200265
0.303459674
0.321301788
0.957365930
0.297935098
0.373570025
0.415387690
0.335270464
0.358709008
0.353214532
0.671081126
0.337000757
0.792661905
0.495168030
0.374867707
0.341135889
0.311900079
0.791857839
0.327211022
0.322645187
0.577609599
0.347072333
0.315686136
0.445235580
0.915351391
0.329924047
0.759252548
0.685242116
0.414750636
0.363358796
0.298973769
0.375790536
0.412597388
0.590915680
0.148399502
0.359586567
0.375328332
0.363277763
0.331501126
0.359866142
0.392397583
0.359439284
0.650874496
0.372330278
0.388798386
0.374050885
0.732321501
0.495869994
0.282010734
0.533294797
0.292207569
0.244089380
0.354172975
0.667783380
0.157138214
0.720476151
0.284502238
0.381006420
0.558655858
0.772441626
0.635739148
0.321811855
0.418692797
0.623838186
0.353475362
0.356350511
0.308713228
0.349011987
0.336381555
0.361779720
0.370144814
0.524716914
0.378435552
0.354133010
0.319352686
0.758621335
0.314913929
0.380922735
0.378175944
0.295128137
0.715895951
0.294181019
0.264000744
0.778721809
0.408621222
0.779263794
0.370250076
0.346917123
0.316936105
0.329212576
0.340382099
0.267134398
0.580360055
0.312325031
0.278211713
0.356049538
0.360645175
0.652240992
0.390819967
0.318403184
0.574177444
0.321046144
0.356374502
0.348937958
0.551237822
0.627030671
0.692397118
0.338541150
0.302087247
0.304990232
0.280311465
0.787657976
0.707403064
0.778389275
0.377878398
0.681683004
0.040927477
0.287113398
0.735120654
0.245975196
0.420114338
0.316708148
0.460282803
0.301499814
0.354903966
0.783821642
0.743888140
0.305087864
0.370843589
0.293213993
0.285070002
0.204674914
0.344842106
0.947937071
0.326981425
0.350454807
0.355071783
0.927418947
0.366449416
0.281644046
0.394491524
0.665771604
0.377630949
0.946370602
0.617742956
0.297719181
0.353449374
0.263968259
0.356946349
0.333822429
0.381579816
0.631906509
0.661481202
0.957671881
0.433099806
0.425786883
0.334345371
0.370189428
0.368813515
0.297469288
0.344850928
0.301368117
0.298114926
0.324768662
0.506902337
0.167148769
0.313996553
0.309232116
0.357908875
0.403764963
0.555785775
0.625772297
0.959391475
0.329440504
0.352047771
0.333088249
0.712559342
0.414910614
0.327749699
0.185449049
0.304495513
0.294735610
0.301058799
0.676241815
0.261509240
0.366233587
0.909853697
0.392601520
0.373266965
0.353277087
0.369671255
0.332491636
0.380930692
0.278799415
0.285844415
0.286765456
0.712163389
0.636291087
0.240200236
0.752835989
0.651323497
0.598128438
0.285939962
0.461544096
0.430391431
0.371866465
0.566792190
0.389447033
0.387128770
0.377787203
0.284528941
0.358795106
0.329918742
0.637197793
0.655032814
0.329821169
0.383547187
0.267126709
0.738081932
0.693136036
0.782390237
0.741795480
0.633780897
0.266976297
0.543029010
0.302693516
0.359326184
0.645068467
0.408307850
0.754120231
0.304082781
0.225074053
0.328610659
0.339975685
0.295825928
0.402422875
0.468483537
0.697091758
0.395220399
0.505164981
0.325224996
0.326114506
0.685575068
0.321911126
0.390734434
0.256020933
0.365325034
0.336857945
0.844019890
0.490413874
0.641562998
0.410925329
0.361250252
0.422224164
0.372161090
0.399241477
0.660063028
0.441005439
0.357230246
0.317803234
0.545462430
0.685185611
0.641487718
0.366020918
0.397141248
0.362329066
0.273409098
0.157798290
0.685574234
0.727751851
0.680379808
0.725206792
0.352806687
0.291070014
0.376000673
0.209739238
0.389017403
0.373279393
0.391298562
0.322696954
0.649743974
0.359151870
0.304121494
0.647659004
0.400739521
0.373472184
0.723263979
0.648280859
0.340049773
0.360775441
0.243366376
0.309074193
0.380509675
0.424040914
0.342466682
0.344551057
0.338644415
0.629140258
0.922005594
0.336277068
0.717782259
0.752519727
0.225739419
0.584740937
0.405790985
0.462925494
0.267725497
0.460763246
0.347708911
0.358093739
0.283602417
0.448549867
0.724121273
0.491957068
0.372476727
0.769909501
0.301912844
0.293316394
0.589317977
0.826051474
0.589057088
0.382658809
0.402621746
0.310506105
0.402441025
0.309772611
0.327866793
0.321967393
0.267455786
0.583025336
0.188159242
0.261848867
0.775307715
0.737573802
0.755695820
0.339941978
0.757239878
0.330411166
0.363374114
0.860745311
0.430996001
0.892078817
0.369972020
0.362480581
0.347452492
0.383892268
0.340728402
0.507266223
0.288290679
0.419237733
0.339390576
0.295855045
0.355601728
0.319495797
0.708035827
0.278339267
0.300110757
0.315511972
0.380040020
0.358541101
0.628559589
0.628082156
0.266120434
0.325516284
0.562141776
0.363295823
0.397154033
0.293069631
0.386996865
0.276048899
0.342077911
0.548684001
0.271186411
0.351751775
0.351652324
0.366559029
0.953379273
0.714300931
0.380108386
0.371286631
0.402377933
0.380217701
0.740055501
0.317416161
0.310623646
0.264417857
0.727762222
0.308445275
0.053741876
0.040665653
0.258443117
0.403193831
0.343150795
0.357367873
0.579083622
0.341845244
0.768841684
0.296565652
0.377799392
0.552884996
0.679710448
0.363958776
0.318421662
0.344166160
0.705130875
0.373769790
0.369525790
0.349039465
0.622481704
0.408552647
0.492698520
0.311908036
0.340271533
0.344163507
0.740731299
0.301427811
0.244990736
0.370108515
0.950865328
0.578652680
0.371551126
0.951059818
0.611016452
0.362082213
0.286282837
0.319309890
0.622545242
0.677609384
0.599794567
0.908904254
0.368250757
0.270378888
0.353705287
0.279821694
0.650503159
0.381461859
0.849518418
0.315493882
0.600768864
0.706385791
0.357192218
0.332635641
0.748647213
0.651958942
0.321513891
0.372588754
0.341575772
0.759143710
0.712975979
0.376661271
0.309465796
0.200560346
0.767528057
0.379362673
0.413448453
0.379682928
0.285116911
0.283300966
0.763937771
0.686001062
0.341132224
0.360609710
0.891573370
0.312954992
0.918484688
0.266986489
0.301761299
0.254841298
0.284882665
0.570870161
0.287050277
0.460857540
0.375518620
0.354879677
0.373180509
0.681273460
0.360348016
0.357733637
0.909978509
0.272060066
0.299542427
0.380103439
0.368910134
0.376447678
0.358898968
0.339493275
0.589011133
0.355598003
0.376473844
0.289184391
0.728995264
0.660294056
0.386487514
0.422986865
0.586014509
0.350991428
0.342212975
0.377254486
0.399333298
0.351795435
0.411701411
0.335103631
0.270783275
0.391508788
0.929227829
0.355601907
0.370276839
0.398423582
0.326551259
0.429903001
0.375689596
0.407727391
0.416262031
0.306906074
0.330777884
0.696568906
0.265724659
0.671271741
0.531080246
0.390256464
0.353364617
0.297737926
0.452123255
0.581613839
0.314364254
0.655019999
0.625794411
0.367566049
0.404814482
0.406098366
0.348713398
0.353345931
0.350239426
0.351142913
0.367373943
0.612274826
0.627483785
0.659878612
0.366621584
0.617988706
0.277198434
0.311893463
0.373089224
0.568415105
0.404531419
0.345783710
0.346571207
0.346380085
0.371992201
0.496985435
0.307434648
0.560570478
0.335036069
0.404053718
0.745925426
0.372159511
0.419851959
0.353828073
0.783281446
0.645408630
0.330204248
0.403831512
0.671275914
0.321823329
0.364805996
0.406823814
0.720154345
0.368143678
0.289996803
0.440017402
0.395314395
0.558568895
0.325099677
0.443991274
0.297868580
0.256506085
0.360451251
0.423069566
0.350556850
0.411168784
0.731371820
0.248948902
0.506304264
0.675995708
0.310258716
0.759976625
0.417538524
0.722560644
0.735940456
0.397568136
0.499237269
0.408023834
0.290225506
0.378162771
0.949924886
0.351401567
0.642097473
0.406476021
0.350741327
0.591733575
0.359084874
0.379245400
0.622691929
0.585366607
0.389891386
0.750147164
0.358337760
0.730445206
0.319966227
0.595742464
0.263506830
0.270032644
0.292521864
0.352218330
0.327750832
0.293143302
0.330719888
0.541744828
0.743513584
